5.01293   -2.26167   0.00858941624287237   4
16.13362   -2.26167   0.36778080133963253   4
27.25431   -2.26167   0.19768365383252995   4
38.375   -2.26167   0.1573909232242011   4
49.49569   -2.26167   0.01212983530739075   4
5.01293   -0.78667   0.32518747992018526   4
16.13362   -0.78667   0.8541926234085191   4
27.25431   -0.78667   0.18042039384553227   4
38.375   -0.78667   0.062019300545683005   4
5.01293   0.68833   0.08389884307755317   4
16.13362   0.68833   0.861777961954151   4
27.25431   0.68833   0.4704731601355038   4
38.375   0.68833   0.0870165410929375   4
5.01293   2.16333   0.22961680093140202   4
16.13362   2.16333   0.33715664200422835   4
27.25431   2.16333   0.1907347379986178   4
38.375   2.16333   0.14163774113866606   4
49.49569   2.16333   0.024525896012673076   4
29.47845   -2.85167   0.15784188094896798   4
21.32328   2.85167   0.18265029230184227   4
33.92672   -2.75333   0.04244373027911211   4
37.63362   -2.655   0.4417238087268929   4
42.0819   -2.55667   0.04337657685202699   4
47.27155   -2.45833   0.03509246415878889   4
53.20259   -2.36   0.022475190237895015   4
56.90948   -2.26167   0.029396123691073334   4
59.13362   -2.26167   0.0037928098709863996   4
32.44397   -2.75333   0.05012640388840805   4
33.92672   2.85167   0.07784263078991568   4
33.92672   -1.18   0.05167125241843995   4
59.13362   2.26167   0.019074606905930783   4
39.85776   2.85167   0.08309447499035139   4
39.85776   -1.08167   0.040558530586530715   4
27.25431   -2.85167   0.08422551218137635   4
35.40948   -2.55667   0.6656247536925776   4
41.34052   2.85167   0.042419020564118344   4
56.1681   -2.065   0.025839036425356836   4
42.0819   -2.36   0.30346297575495756   4
46.53017   -2.26167   0.032306844918052545   4
50.97845   -2.16333   0.0597107164942506   4
32.44397   2.85167   0.17559208717837949   4
36.15086   -1.37667   0.15389750234752342   4
29.47845   -2.75333   0.15402977349206903   4
31.70259   -2.655   0.20174013844365907   4
38.375   -2.45833   0.4326429147478538   4
29.47845   -1.475   0.7587947716765091   4
38.375   2.85167   0.0923761157839649   4
9.46121   2.85167   0.12927766475155056   4
10.20259   -1.86833   0.3402049580240213   4
30.96121   2.85167   0.11763644693431127   4
10.20259   -1.77   0.2480816207112271   4
43.56466   2.75333   0.008682363132248714   4
45.04741   -2.55667   0.01915737045624004   4
50.97845   -2.45833   0.008298677189098852   4
57.65086   -2.36   0.04079858651768453   4
26.51293   -1.475   0.6498893729100104   4
38.375   2.55667   0.3419885608870961   4
33.92672   2.45833   0.548008384048022   4
14.65086   1.96667   0.4387058818917329   4
39.85776   1.86833   0.2342266302515838   4
30.96121   -2.85167   0.09385849668332642   4
33.92672   -0.295   0.09743516699697358   4
39.85776   -2.655   0.10972848528075128   4
16.13362   -0.68833   0.3096752885680571   4
15.39224   1.86833   0.08475383220252598   4
36.89224   2.55667   0.7840391546167694   4
39.85776   2.55667   0.14682768737247856   4
31.70259   2.55667   0.1650925735037172   4
10.20259   -2.065   0.858020517587576   4
25.03017   -1.27833   0.43602095725653706   4
40.59914   1.67167   1.0   4
38.375   1.67167   0.46299534661387276   4
48.01293   -2.55667   0.0   4
54.68534   -2.45833   0.0   4
19.84052   2.655   0.6971688618653172   4
24.28879   2.75333   0.0   4
22.80603   2.655   0.41518885327705735   4
32.44397   -2.85167   0.28401529833946937   4
36.89224   -2.75333   0.5519608299249575   4
