5.01293   -2.26406   0.14575101938301843   4
16.13362   -2.26406   0.3244477644276383   4
27.25431   -2.26406   0.1175089629915762   4
38.375   -2.26406   0.025078956014776464   4
49.49569   -2.26406   0.015046195672973738   4
5.01293   -0.7875   0.055720047557127284   4
16.13362   -0.7875   0.40902113650989846   4
27.25431   -0.7875   0.2004174179974167   4
38.375   -0.7875   0.24631717861120567   4
49.49569   -0.7875   0.022161314162653406   4
5.01293   0.68906   0.026625816607171462   4
16.13362   0.68906   0.3944921397783173   4
27.25431   0.68906   0.18060976085241198   4
38.375   0.68906   0.28631622620065456   4
49.49569   0.68906   0.047012121265520734   4
5.01293   2.16562   0.24098177345780505   4
16.13362   2.16562   0.17531366575056392   4
27.25431   2.16562   0.07382139465852942   4
38.375   2.16562   0.028106190316580716   4
49.49569   2.16562   0.03840414081845461   4
22.80603   2.26406   0.45415265874736477   4
25.03017   -2.06719   0.11540067806837721   4
21.32328   -1.67344   0.44866865318441274   4
33.92672   -1.575   0.36160218856716264   4
33.92672   -1.27969   0.25436380675295744   4
33.92672   -1.08281   0.20209695970153307   4
39.85776   -1.37813   0.4586354585807781   4
32.44397   -0.68906   0.09451812508842661   4
43.56466   -1.47656   0.0555645167213665   4
38.375   -1.47656   0.25077980956310875   4
42.0819   -1.08281   0.18986225804185364   4
38.375   -1.18125   0.20395745336294022   4
26.51293   -1.96875   0.10720585886262207   4
21.32328   -2.06719   0.23567482222550334   4
33.92672   1.96875   0.029924766785848607   4
8.71983   -2.46094   0.36509951338232854   4
7.23707   -2.55938   0.044849914822277535   4
38.375   0.98437   0.10577543757855243   4
39.85776   0.98437   0.18986433559224777   4
39.85776   1.67344   0.14204623069012448   4
38.375   0.39375   0.33198695902403536   4
59.13362   1.87031   3.2203727467404683e-06   4
9.46121   -2.46094   0.4028570035506412   4
20.5819   -2.06719   0.48086666746839934   4
27.99569   -1.96875   0.06025666059884499   4
26.51293   0.7875   0.16340047859718515   4
36.89224   1.67344   0.14159192541246396   4
39.85776   1.47656   0.12441873898420838   4
16.13362   -0.59063   0.3170999394805184   4
32.44397   1.67344   0.08134820148199023   4
33.92672   2.16562   0.05535852360908136   4
33.92672   -2.3625   0.01694705020437913   4
9.46121   2.3625   0.43261950199123494   4
56.90948   -1.37813   0.01497728859220826   4
10.20259   2.3625   0.3425353487232799   4
19.84052   -2.06719   0.29030805609506305   4
16.13362   -0.39375   0.6085192785793776   4
10.94397   -2.46094   0.15067582554288808   4
38.375   1.87031   0.06329358872235413   4
39.85776   1.87031   0.0   4
21.32328   2.3625   0.9113485265498759   4
21.32328   2.16562   1.0   4
31.70259   -1.575   0.2021595943503762   4
30.96121   -1.37813   0.12369738676932632   4
30.96121   -1.18125   0.0414555033299452   4
27.99569   -1.08281   0.0   4
25.03017   -0.68906   0.22441641577157714   4
25.77155   1.08281   0.3652862132746486   4
38.375   0.09844   0.08305287409084684   4
39.85776   0.09844   0.2533390102164609   4
