5.01293   -0.39   1.209081633044718e-05   4
16.13362   -0.39   0.5097287949798198   4
27.25431   -0.39   0.074907365144542   4
38.375   -0.39   0.5233164707886344   4
49.49569   -0.39   0.07906266828283393   4
5.01293   0.34125   0.0006937360680623576   4
16.13362   0.34125   0.1940846012340795   4
27.25431   0.34125   0.21997300635113826   4
38.375   0.34125   1.0170173209197177   4
14.65086   -0.39   0.2313432860196448   4
22.80603   -0.8775   0.3502482641157594   4
24.28879   -0.78   0.33563539020553435   4
26.51293   -0.6825   0.2694470465006816   4
34.6681   -0.39   0.2812970691488683   4
36.15086   -0.34125   0.26711432499361853   4
32.44397   -0.4875   0.01957578885608978   4
38.375   -0.2925   0.2205547379274848   4
40.59914   -0.24375   0.2690777238518137   4
42.82328   -0.195   0.13323302710412593   4
40.59914   -0.39   0.519039150157496   4
32.44397   -0.2925   0.33217399624239796   4
45.04741   -0.14625   0.04626453388358347   4
16.875   -0.34125   0.6779830272232621   4
16.13362   0.4875   0.14657165903147534   4
13.90948   0.24375   0.287321347677591   4
27.99569   -0.63375   0.0725101149985217   4
33.92672   0.92625   0.01943719865819562   4
29.47845   -0.585   0.1072918390918382   4
39.85776   0.92625   0.12494265603807417   4
31.70259   -0.4875   0.018068316276415433   4
36.89224   -0.34125   0.329190045395183   4
42.0819   -0.195   0.19987988986863472   4
46.53017   -0.0975   0.02730161198154938   4
27.25431   -0.585   0.11049765684625884   4
24.28879   -0.73125   0.4784242730411631   4
17.61638   -0.2925   0.6617368790063365   4
28.73707   -0.53625   0.12589990799476847   4
36.15086   -0.2925   0.2404337564761525   4
31.70259   -0.43875   0.04929743734051639   4
30.21983   -0.4875   0.04533702709305774   4
39.85776   -0.195   0.2270031062887519   4
42.0819   -0.14625   0.18328528400184552   4
34.6681   -0.34125   0.4135398646783991   4
38.375   -0.24375   0.1686967054419643   4
44.30603   -0.0975   0.19862367021990565   4
26.51293   -0.73125   0.5851496838164943   4
27.99569   -0.6825   0.0   4
29.47845   -0.63375   0.11902965381422864   4
32.44397   -0.53625   0.0   4
30.96121   -0.585   0.11447477780175956   4
36.15086   -0.43875   0.22205757127685735   4
34.6681   -0.4875   0.11262336740534093   4
40.59914   -0.34125   0.3579641304336154   4
42.82328   -0.2925   0.042269235436176465   4
48.01293   -0.195   0.0   4
45.78879   -0.24375   0.0   4
22.80603   -0.92625   0.4677828658499264   4
32.44397   -0.39   0.2969439084340299   4
