5.01293   -2.26167   0.0015777661540826592   3
16.13362   -2.26167   0.37312815030342716   3
27.25431   -2.26167   0.12808889645304614   3
38.375   -2.26167   0.09030377181525855   3
49.49569   -2.26167   -0.0028355377630272308   3
5.01293   -0.78667   0.21851909721809837   3
16.13362   -0.78667   0.9968869593140299   3
27.25431   -0.78667   0.12362399974488147   3
38.375   -0.78667   0.04157948732273185   3
5.01293   0.68833   0.004611703306149616   3
16.13362   0.68833   0.8662985404263206   3
27.25431   0.68833   0.5282386866164572   3
38.375   0.68833   0.11251463600573278   3
5.01293   2.16333   0.06382793952836482   3
16.13362   2.16333   0.3462535951970078   3
27.25431   2.16333   0.164631469774813   3
38.375   2.16333   0.11889342432073224   3
49.49569   2.16333   0.02594676841286518   3
29.47845   -2.85167   0.13414206363894424   3
21.32328   2.85167   0.21841315589326635   3
33.92672   -2.75333   0.3149956209811788   3
37.63362   -2.655   0.4487787253711492   3
42.0819   -2.55667   0.034202141658699295   3
47.27155   -2.45833   0.02511762527276256   3
53.20259   -2.36   0.019195675305867077   3
56.90948   -2.26167   0.009169054086238568   3
59.13362   -2.26167   0.008924000829782414   3
32.44397   -2.75333   0.09772970457740772   3
33.92672   2.85167   0.1311405101083857   3
33.92672   -1.18   0.059898271366890105   3
59.13362   2.26167   0.011688995696215145   3
39.85776   2.85167   0.11101746450103787   3
39.85776   -1.08167   0.040922979287565164   3
27.25431   -2.85167   0.09425896069561518   3
35.40948   -2.55667   0.5720632200700085   3
41.34052   2.85167   0.08942708483402743   3
56.1681   -2.065   0.03666003653135638   3
42.0819   -2.36   0.35335770588003357   3
46.53017   -2.26167   0.07981130856172156   3
50.97845   -2.16333   0.1023261092025452   3
32.44397   2.85167   0.19514529188253424   3
36.15086   -1.37667   0.07484341738317332   3
29.47845   -2.75333   0.3232962201182114   3
31.70259   -2.655   0.20265393104416932   3
38.375   -2.45833   0.4514879134018564   3
29.47845   -1.475   0.8052547780729572   3
38.375   2.85167   0.0621823324933194   3
9.46121   2.85167   0.16593348940338432   3
10.20259   -1.86833   0.5319267332053516   3
30.96121   2.85167   0.26477352331199505   3
10.20259   -1.77   0.18500682070760888   3
43.56466   2.75333   0.0   3
45.04741   -2.55667   0.0   3
50.97845   -2.45833   0.0   3
57.65086   -2.36   0.0   3
26.51293   -1.475   0.7795415834146405   3
38.375   2.55667   0.6572621961122579   3
33.92672   2.45833   0.6427090805182655   3
14.65086   1.96667   0.5334653477809144   3
39.85776   1.86833   0.2796622984884305   3
30.96121   -2.85167   0.20666473079664432   3
33.92672   -0.295   0.10438474560063048   3
39.85776   -2.655   0.17269473981225095   3
