5.01293   -2.26406   0.16898329702506448   3
16.13362   -2.26406   0.3582402721350547   3
27.25431   -2.26406   0.1932981340844035   3
38.375   -2.26406   0.015482228868005574   3
49.49569   -2.26406   0.009578501801936371   3
5.01293   -0.7875   0.05704864150382766   3
16.13362   -0.7875   0.3435834287429326   3
27.25431   -0.7875   0.2909376660212691   3
38.375   -0.7875   0.2582444619866616   3
49.49569   -0.7875   0.022312376520590295   3
5.01293   0.68906   0.043543742858118434   3
16.13362   0.68906   0.405539808609307   3
27.25431   0.68906   0.16669205164666412   3
38.375   0.68906   0.3044741363506858   3
49.49569   0.68906   0.027794806471536274   3
5.01293   2.16562   0.2638191713071706   3
16.13362   2.16562   0.11653951688491906   3
27.25431   2.16562   0.032840503263903045   3
38.375   2.16562   0.02270779212153313   3
49.49569   2.16562   0.022600199848585217   3
22.80603   2.26406   0.40710747918344997   3
25.03017   -2.06719   0.06294781110421943   3
21.32328   -1.67344   0.5326126931065173   3
33.92672   -1.575   0.4364527099380024   3
33.92672   -1.27969   0.30365597755731055   3
33.92672   -1.08281   0.280297633718438   3
39.85776   -1.37813   0.5077768735827554   3
32.44397   -0.68906   0.08916656721275251   3
43.56466   -1.47656   0.04052201885139821   3
38.375   -1.47656   0.2372653747791519   3
42.0819   -1.08281   0.23872276688673538   3
38.375   -1.18125   0.18926772322216268   3
26.51293   -1.96875   0.10160983627818072   3
21.32328   -2.06719   0.2785514843772618   3
33.92672   1.96875   0.10673636056197428   3
8.71983   -2.46094   0.3248941033421657   3
7.23707   -2.55938   0.12704112080399266   3
38.375   0.98437   0.12670941344429068   3
39.85776   0.98437   0.2008444731791643   3
39.85776   1.67344   0.2284737813818087   3
38.375   0.39375   0.37240264253219446   3
59.13362   1.87031   0.0   3
9.46121   -2.46094   0.9547253151124395   3
20.5819   -2.06719   0.944752602251607   3
27.99569   -1.96875   0.11953725732783037   3
26.51293   0.7875   0.1992595013329447   3
36.89224   1.67344   0.23732014109031657   3
39.85776   1.47656   0.075475881402193   3
16.13362   -0.59063   0.46418584019270065   3
32.44397   1.67344   0.060211687080695686   3
33.92672   2.16562   0.09806252673546172   3
33.92672   -2.3625   0.0   3
9.46121   2.3625   0.9547220617019399   3
56.90948   -1.37813   0.0   3
