5.01293   -0.39   1.581158852508618e-05   3
16.13362   -0.39   0.211880931632074   3
27.25431   -0.39   0.09128338354093414   3
38.375   -0.39   0.35025438885108895   3
49.49569   -0.39   0.04877425657799015   3
5.01293   0.34125   2.7017766598777583e-05   3
16.13362   0.34125   0.1405603037248055   3
27.25431   0.34125   0.21740758874564303   3
38.375   0.34125   1.0052635204686575   3
14.65086   -0.39   0.0814970879278106   3
22.80603   -0.8775   0.1589530088521399   3
24.28879   -0.78   0.2615741194814553   3
26.51293   -0.6825   0.19508320194147435   3
34.6681   -0.39   0.23772532107866426   3
36.15086   -0.34125   0.2323877512891857   3
32.44397   -0.4875   0.007390658308226653   3
38.375   -0.2925   0.19478053051240618   3
40.59914   -0.24375   0.19006943796175632   3
42.82328   -0.195   0.12434867858073034   3
40.59914   -0.39   0.5656199461803307   3
32.44397   -0.2925   0.22816951409289793   3
45.04741   -0.14625   0.01461417124683893   3
16.875   -0.34125   0.3679147903803208   3
16.13362   0.4875   0.18016031614501132   3
13.90948   0.24375   0.24975786695058239   3
27.99569   -0.63375   0.05749086843458473   3
33.92672   0.92625   0.017506229226938765   3
29.47845   -0.585   0.09538882653837959   3
39.85776   0.92625   0.11439309571849463   3
31.70259   -0.4875   0.0   3
36.89224   -0.34125   0.3135668978580702   3
42.0819   -0.195   0.26021905197565026   3
46.53017   -0.0975   0.0   3
27.25431   -0.585   0.141362321921949   3
24.28879   -0.73125   0.49786284862600577   3
17.61638   -0.2925   0.8974021033800333   3
28.73707   -0.53625   0.1661427813625152   3
36.15086   -0.2925   0.1208747421512505   3
31.70259   -0.43875   0.04141461649394425   3
30.21983   -0.4875   0.043940218821106394   3
39.85776   -0.195   0.30916024796432373   3
42.0819   -0.14625   0.24123045799092202   3
34.6681   -0.34125   0.4135398646783991   3
38.375   -0.24375   0.1686967054419643   3
44.30603   -0.0975   0.19862367021990565   3
