5.01293   -2.26167   0   0
16.13362   -2.26167   2.409981e-05   1
27.25431   -2.26167   1.550446e-05   2
38.375   -2.26167   7.718572e-06   3
49.49569   -2.26167   0   4
5.01293   -0.78667   1.180926e-05   5
16.13362   -0.78667   5.720081e-05   6
27.25431   -0.78667   2.054641e-05   7
38.375   -0.78667   5.678611e-06   8
5.01293   0.68833   1.180926e-05   9
16.13362   0.68833   5.720081e-05   10
27.25431   0.68833   2.054641e-05   11
38.375   0.68833   5.678611e-06   12
5.01293   2.16333   0   13
16.13362   2.16333   2.409981e-05   14
27.25431   2.16333   1.550446e-05   15
38.375   2.16333   7.718574e-06   16
49.49569   2.16333   0   17
29.47845   -2.85167   2.40535e-05   0
21.32328   2.85167   3.21753e-05   1
33.92672   -2.75333   4.693121e-05   2
37.63362   -2.655   3.533648e-05   3
42.0819   -2.55667   0   4
47.27155   -2.45833   0   5
53.20259   -2.36   0   6
56.90948   -2.26167   0   7
59.13362   -2.26167   0   8
32.44397   -2.75333   8.534681e-06   9
33.92672   2.85167   1.540918e-05   10
33.92672   -1.18   3.106956e-06   11
59.13362   2.26167   0   12
39.85776   2.85167   1.551228e-05   13
39.85776   -1.08167   2.897131e-06   14
27.25431   -2.85167   1.802706e-05   0
35.40948   -2.55667   5.53659e-05   1
41.34052   2.85167   1.003917e-05   2
56.1681   -2.065   0   3
42.0819   -2.36   2.123635e-05   4
46.53017   -2.26167   0   5
50.97845   -2.16333   0   6
32.44397   2.85167   3.235872e-05   7
36.15086   -1.37667   2.603249e-06   8
29.47845   -2.75333   2.806515e-05   9
31.70259   -2.655   1.110711e-05   10
38.375   -2.45833   3.395974e-05   11
29.47845   -1.475   4.650269e-05   12
38.375   2.85167   1.111835e-05   13
9.46121   2.85167   9.49153e-06   14
10.20259   -1.86833   3.042664e-05   15
30.96121   2.85167   1.514526e-05   0
10.20259   -1.77   1.058254e-05   1
43.56466   2.75333   0   2
45.04741   -2.55667   0   3
50.97845   -2.45833   0   4
57.65086   -2.36   0   5
26.51293   -1.475   4.459041e-05   6
38.375   2.55667   3.759593e-05   7
33.92672   2.45833   3.676348e-05   8
14.65086   1.96667   3.051465e-05   9
39.85776   1.86833   1.599691e-05   10
30.96121   -2.85167   1.182139e-05   11
33.92672   -0.295   5.970892e-06   12
39.85776   -2.655   9.878279e-06   13
16.13362   -0.68833   2.08343e-05   0
15.39224   1.86833   5.702059e-06   1
36.89224   2.55667   5.27485e-05   2
39.85776   2.55667   9.878257e-06   3
31.70259   2.55667   1.110708e-05   4
10.20259   -2.065   5.772581e-05   5
25.03017   -1.27833   2.933457e-05   6
40.59914   1.67167   6.727789e-05   7
38.375   1.67167   3.114935e-05   8
48.01293   -2.55667   0   9
54.68534   -2.45833   0   10
19.84052   2.655   4.690405e-05   11
24.28879   2.75333   0   12
22.80603   2.655   2.793303e-05   13
32.44397   -2.85167   1.910795e-05   14
36.89224   -2.75333   3.713476e-05   15
19.84052   2.36   7.795068e-06   0
36.15086   0.0   7.01411e-06   1
29.47845   2.26167   1.680017e-05   2
47.27155   -1.96667   3.400389e-06   3
53.94397   -1.77   0   4
50.23707   -1.86833   0   5
50.23707   -2.45833   0   6
13.1681   2.75333   4.241664e-06   7
56.1681   -2.36   0   8
44.30603   -2.55667   0   9
34.6681   -2.75333   3.429811e-05   10
40.59914   -2.16333   1.86213e-05   11
44.30603   -2.065   4.128409e-05   12
32.44397   -2.45833   2.114512e-05   13
41.34052   1.57333   3.606826e-05   0
25.03017   -1.57333   3.182319e-05   1
16.13362   -0.98333   9.753059e-06   2
38.375   1.57333   8.166006e-05   3
13.1681   2.065   1.115545e-05   4
36.15086   2.36   3.942344e-05   5
56.90948   -2.36   0   6
37.63362   -1.37667   8.677752e-06   7
32.44397   2.655   8.534683e-06   8
25.77155   -0.59   4.430095e-05   9
32.44397   2.26167   2.792114e-05   10
27.25431   1.77   2.122247e-05   11
29.47845   0.98333   2.525121e-06   12
27.99569   1.08167   8.249668e-06   13
25.77155   0.39333   1.760632e-05   14
32.44397   1.27833   1.078958e-05   15
37.63362   1.37667   2.160586e-05   0
39.85776   1.37667   1.63156e-05   1
30.96121   -1.57333   3.735985e-05   2
22.06466   -1.57333   2.900475e-05   3
16.13362   1.96667   3.24027e-05   4
34.6681   2.26167   3.600546e-05   5
32.44397   2.16333   2.612532e-05   6
33.92672   -1.57333   6.300327e-05   7
32.44397   1.57333   1.320906e-05   8
6.49569   2.85167   1.859476e-05   9
5.01293   0.39333   9.04401e-06   10
6.49569   0.49167   0   11
35.40948   2.45833   5.53659e-05   0
39.85776   1.57333   7.157655e-05   1
19.09914   2.75333   3.071895e-05   2
29.47845   -1.27833   4.434511e-06   3
34.6681   -1.57333   8.094503e-05   4
15.39224   0.59   1.673112e-05   5
22.80603   -1.27833   3.135385e-05   6
6.49569   0.19667   0   7
32.44397   -1.57333   5.026786e-05   8
15.39224   2.065   1.952131e-05   9
10.20259   -1.475   0   10
32.44397   2.75333   1.910799e-05   11
32.44397   1.08167   4.127678e-06   12
38.375   -0.39333   9.187371e-05   13
39.85776   -0.39333   8.321622e-05   14
13.90948   -0.885   3.993931e-05   15
17.61638   0.78667   1.922862e-05   0
36.89224   -0.39333   5.594346e-05   1
36.15086   2.55667   1.195186e-05   2
25.03017   -0.49167   1.327567e-05   3
13.1681   -0.78667   5.651655e-05   4
20.5819   2.655   2.935878e-05   5
32.44397   2.36   2.114512e-05   6
17.61638   1.96667   3.045391e-05   7
24.28879   1.67167   2.049856e-05   8
28.73707   1.86833   1.027348e-05   9
27.99569   0.49167   5.353966e-05   10
32.44397   -0.59   7.391799e-05   11
52.46121   -2.36   0   12
58.39224   -2.26167   0   13
31.70259   -0.68833   2.047916e-05   0
33.92672   -0.59   6.1269e-05   1
28.73707   0.49167   5.662539e-05   2
15.39224   0.885   8.679486e-06   3
19.09914   1.96667   4.26452e-05   4
22.80603   -0.295   1.713687e-05   5
18.35776   -0.59   1.433003e-05   6
21.32328   -1.37667   7.603332e-05   7
15.39224   -0.78667   5.614919e-05   8
21.32328   2.55667   3.8027e-05   9
32.44397   2.45833   3.343683e-05   10
33.92672   0.49167   6.126885e-05   11
32.44397   1.86833   4.106249e-06   12
53.20259   2.85167   0   13
52.46121   -2.16333   0   0
56.90948   -2.065   0   1
48.01293   -2.26167   0   2
43.56466   -2.36   5.123667e-06   3
39.85776   -2.45833   1.783891e-05   4
36.15086   -2.55667   4.017811e-05   5
33.92672   -2.655   2.311045e-05   6
30.21983   -2.75333   2.615853e-05   7
36.89224   2.36   4.263465e-05   8
14.65086   2.85167   3.064608e-06   9
32.44397   -2.655   3.899775e-05   10
20.5819   -1.08167   1.619016e-05   11
50.23707   -1.77   0   12
39.85776   -0.295   7.518789e-05   0
38.375   -0.295   4.259673e-05   1
11.68534   -0.68833   7.736953e-06   2
31.70259   0.39333   3.844662e-05   3
33.92672   0.39333   6.185496e-05   4
20.5819   -1.37667   6.076149e-05   5
31.70259   -0.49167   3.844654e-05   6
22.06466   -0.09833   4.985794e-06   7
39.85776   1.475   1.693365e-05   8
38.375   1.475   5.147905e-05   9
13.1681   2.55667   2.814063e-06   10
19.09914   2.655   3.207883e-05   11
21.32328   1.86833   3.1462e-05   12
18.35776   0.59   4.480004e-05   13
33.92672   -0.49167   6.185483e-05   14
