5.01293   -2.26167   0.007536532695850832   12
16.13362   -2.26167   0.19544124152233217   12
27.25431   -2.26167   0.08054354737290731   12
38.375   -2.26167   0.06096449560854827   12
49.49569   -2.26167   0.0024857478549806713   12
5.01293   -0.78667   0.1359859380607492   12
16.13362   -0.78667   0.29336984429235613   12
27.25431   -0.78667   0.04339189335001584   12
38.375   -0.78667   0.01043320853954205   12
5.01293   0.68833   0.02561409073552437   12
16.13362   0.68833   0.34919163014548316   12
27.25431   0.68833   0.2434070326433718   12
38.375   0.68833   0.028475615625417908   12
5.01293   2.16333   0.03482176704945903   12
16.13362   2.16333   0.0107084728847441   12
27.25431   2.16333   0.10484858507755063   12
38.375   2.16333   0.04911360942840701   12
49.49569   2.16333   0.0005238244968835301   12
29.47845   -2.85167   0.01787939740426635   12
21.32328   2.85167   0.012499120662863104   12
33.92672   -2.75333   0.05750372344088546   12
37.63362   -2.655   0.12417380134950816   12
42.0819   -2.55667   0.029886472635415683   12
47.27155   -2.45833   0.024474518908166532   12
53.20259   -2.36   0.015477121844096064   12
56.90948   -2.26167   0.008006973345203448   12
59.13362   -2.26167   0.0396212905186399   12
32.44397   -2.75333   0.035875124714184956   12
33.92672   2.85167   0.005310517251956756   12
33.92672   -1.18   0.00436074172793619   12
59.13362   2.26167   0.014972744661498652   12
39.85776   2.85167   0.12833286745802272   12
39.85776   -1.08167   0.09228126799989099   12
27.25431   -2.85167   0.01942047211990362   12
35.40948   -2.55667   0.36618011918802257   12
41.34052   2.85167   0.009484869078652279   12
56.1681   -2.065   2.6506243843287077e-08   12
42.0819   -2.36   0.1272344510406521   12
46.53017   -2.26167   0.014766726460601906   12
50.97845   -2.16333   3.687761788481102e-05   12
32.44397   2.85167   0.018261847723116727   12
36.15086   -1.37667   0.1368372032354772   12
29.47845   -2.75333   0.023450301602411038   12
31.70259   -2.655   0.090419834085986   12
38.375   -2.45833   0.18288282519687057   12
29.47845   -1.475   0.2130497881605473   12
38.375   2.85167   0.006085124489862009   12
9.46121   2.85167   0.03225016097951054   12
10.20259   -1.86833   0.2545777995431385   12
30.96121   2.85167   0.017322984501174317   12
10.20259   -1.77   0.09628675158143947   12
43.56466   2.75333   0.004754442161538614   12
45.04741   -2.55667   0.024018574067188346   12
50.97845   -2.45833   0.02879452574896555   12
57.65086   -2.36   0.006638929276310266   12
26.51293   -1.475   0.27931464425679065   12
38.375   2.55667   0.1746676960939028   12
33.92672   2.45833   0.2415715041812921   12
14.65086   1.96667   0.020024244909383093   12
39.85776   1.86833   0.426224290533736   12
30.96121   -2.85167   0.01622878451710414   12
33.92672   -0.295   0.13577343082038124   12
39.85776   -2.655   0.009238753011547043   12
16.13362   -0.68833   0.2541355076239077   12
15.39224   1.86833   0.0024938204031771955   12
36.89224   2.55667   0.1541062971646904   12
39.85776   2.55667   0.06625962216206066   12
31.70259   2.55667   0.1652363977961978   12
10.20259   -2.065   0.1801308745069485   12
25.03017   -1.27833   0.26767964077808787   12
40.59914   1.67167   0.21834897896305802   12
38.375   1.67167   0.32063245102910554   12
48.01293   -2.55667   0.01323199150177091   12
54.68534   -2.45833   0.00962344334346049   12
19.84052   2.655   0.23739090996249168   12
24.28879   2.75333   0.012346796012376371   12
22.80603   2.655   0.2313555261929662   12
32.44397   -2.85167   0.011247901322612197   12
36.89224   -2.75333   0.020047138796738376   12
19.84052   2.36   0.04637464400265535   12
36.15086   0.0   0.08490141700318275   12
29.47845   2.26167   0.17971929096799358   12
47.27155   -1.96667   0.0396474528296344   12
53.94397   -1.77   0.006601918319395635   12
50.23707   -1.86833   0.0001544109122413235   12
50.23707   -2.45833   0.03409230995222689   12
13.1681   2.75333   0.1668488356532847   12
56.1681   -2.36   0.0023364714221214915   12
44.30603   -2.55667   0.020028757671751538   12
34.6681   -2.75333   0.03883621600765218   12
40.59914   -2.16333   0.1512634337802019   12
44.30603   -2.065   0.2055302824301764   12
32.44397   -2.45833   0.174667608605152   12
41.34052   1.57333   0.22705569651358865   12
25.03017   -1.57333   0.21861150083390063   12
16.13362   -0.98333   0.06301096508980324   12
38.375   1.57333   0.39291714225142926   12
13.1681   2.065   0.011832091111325832   12
36.15086   2.36   0.31144560801788085   12
56.90948   -2.36   0.0021598861796441747   12
37.63362   -1.37667   0.21976019183082324   12
32.44397   2.655   0.10721476335559237   12
25.77155   -0.59   0.220644005581253   12
32.44397   2.26167   0.15527363764543903   12
27.25431   1.77   0.12886438909263873   12
29.47845   0.98333   0.0024265992494260187   12
27.99569   1.08167   0.0035600121038691073   12
25.77155   0.39333   0.14627289877093472   12
32.44397   1.27833   0.020255095672843636   12
37.63362   1.37667   0.2309607622229427   12
39.85776   1.37667   0.22110568367072478   12
30.96121   -1.57333   0.19519367137796217   12
22.06466   -1.57333   0.22761850735338596   12
16.13362   1.96667   0.22584813836265338   12
34.6681   2.26167   0.18829916609207825   12
32.44397   2.16333   0.11577105425886165   12
33.92672   -1.57333   0.5290092269758329   12
32.44397   1.57333   0.10302601634180619   12
6.49569   2.85167   0.3006444029311262   12
5.01293   0.39333   0.019955385073050023   12
6.49569   0.49167   0.0050755752259244126   12
35.40948   2.45833   0.3700937318631358   12
39.85776   1.57333   0.29140523504919297   12
19.09914   2.75333   0.14573982808413483   12
29.47845   -1.27833   0.015562862340479931   12
34.6681   -1.57333   0.6235322963141449   12
15.39224   0.59   0.13227580535211786   12
22.80603   -1.27833   0.2811338427980946   12
6.49569   0.19667   0.025457908803994286   12
32.44397   -1.57333   0.36464472341819426   12
15.39224   2.065   0.012733111728083047   12
10.20259   -1.475   0.11805013590763236   12
32.44397   2.75333   0.021182944663320026   12
32.44397   1.08167   0.013203305786050355   12
38.375   -0.39333   0.41483149708992306   12
39.85776   -0.39333   0.284420590819837   12
13.90948   -0.885   0.02062676914667614   12
17.61638   0.78667   0.16727443335677195   12
36.89224   -0.39333   0.4671911765553842   12
36.15086   2.55667   0.1038182632468494   12
25.03017   -0.49167   0.18040519426022725   12
13.1681   -0.78667   0.4826859158110084   12
20.5819   2.655   0.1696440635292651   12
32.44397   2.36   0.33681716590738076   12
17.61638   1.96667   0.06176465950562736   12
24.28879   1.67167   0.17079597798313936   12
28.73707   1.86833   0.04408630247150271   12
27.99569   0.49167   0.179241534798155   12
32.44397   -0.59   0.5029599318624448   12
52.46121   -2.36   0.009502244686421048   12
58.39224   -2.26167   0.036350943893139614   12
31.70259   -0.68833   0.21653758319843447   12
33.92672   -0.59   0.5223629550229383   12
28.73707   0.49167   0.3527620914519049   12
15.39224   0.885   0.00034947524712272313   12
19.09914   1.96667   0.09350498537669207   12
22.80603   -0.295   0.12738251300810816   12
18.35776   -0.59   0.19777837022580597   12
21.32328   -1.37667   0.5150438505963454   12
15.39224   -0.78667   1.0540872560361996   12
21.32328   2.55667   0.10183414303853139   12
32.44397   2.45833   0.20812821401690818   12
33.92672   0.49167   0.4664521525628967   12
32.44397   1.86833   0.03348285904856457   12
53.20259   2.85167   1.311456331394575e-07   12
52.46121   -2.16333   1.6461550530334738e-06   12
56.90948   -2.065   6.952193612982375e-09   12
48.01293   -2.26167   0.005626944570793366   12
43.56466   -2.36   0.046387375356536184   12
39.85776   -2.45833   0.20510255106756317   12
36.15086   -2.55667   0.2571026335839892   12
33.92672   -2.655   0.1959834741495594   12
30.21983   -2.75333   0.017365231189735177   12
36.89224   2.36   0.3370033990067485   12
14.65086   2.85167   0.0004254893106225068   12
32.44397   -2.655   0.197936028190608   12
20.5819   -1.08167   0.052963806796886344   12
50.23707   -1.77   0.0   12
39.85776   -0.295   0.8183830826032823   12
38.375   -0.295   0.46364438749670606   12
11.68534   -0.68833   0.08421291575141572   12
31.70259   0.39333   0.41847248794023884   12
33.92672   0.39333   0.6732607184362098   12
20.5819   -1.37667   0.661358837038365   12
31.70259   -0.49167   0.4184716171797133   12
22.06466   -0.09833   0.05426790754395354   12
39.85776   1.475   0.18431442465967685   12
38.375   1.475   0.5603240578833706   12
13.1681   2.55667   0.030629687208669376   12
19.09914   2.655   0.34916223585615513   12
21.32328   1.86833   0.34244834566928883   12
18.35776   0.59   0.4876263296649281   12
33.92672   -0.49167   0.6732593034503559   12
