5.01293   -2.26406   0.0749231362146297   12
16.13362   -2.26406   0.2082415875977608   12
27.25431   -2.26406   0.07844149907320784   12
38.375   -2.26406   0.001224255600973829   12
49.49569   -2.26406   6.727864747139252e-06   12
5.01293   -0.7875   0.06259751104183027   12
16.13362   -0.7875   0.06941645696560969   12
27.25431   -0.7875   0.18060190840087348   12
38.375   -0.7875   0.1774343883036805   12
49.49569   -0.7875   0.0001980133650587774   12
5.01293   0.68906   0.050554135427575364   12
16.13362   0.68906   0.3090586450468853   12
27.25431   0.68906   0.23316894993564322   12
38.375   0.68906   0.3126902266639591   12
49.49569   0.68906   0.03638370044342856   12
5.01293   2.16562   0.26689386787960095   12
16.13362   2.16562   0.0008163999558728426   12
27.25431   2.16562   0.00908820835489143   12
38.375   2.16562   0.002131434059663712   12
49.49569   2.16562   1.0051008476288586e-05   12
22.80603   2.26406   0.037786198830895505   12
25.03017   -2.06719   0.01232651467534955   12
21.32328   -1.67344   0.2486194699612227   12
33.92672   -1.575   0.22321325221913552   12
33.92672   -1.27969   0.311203630609559   12
33.92672   -1.08281   0.0655021521384165   12
39.85776   -1.37813   0.2619281721992219   12
32.44397   -0.68906   0.05143702851444949   12
43.56466   -1.47656   0.050403177285355955   12
38.375   -1.47656   0.17946943460273343   12
42.0819   -1.08281   0.2552173177242295   12
38.375   -1.18125   0.16970458023389462   12
26.51293   -1.96875   0.0034107478211082174   12
21.32328   -2.06719   0.039128346426520695   12
33.92672   1.96875   0.0026536234892733596   12
8.71983   -2.46094   0.029608675248515685   12
7.23707   -2.55938   0.005505338633745721   12
38.375   0.98437   0.029670599507394868   12
39.85776   0.98437   0.8538598458577584   12
39.85776   1.67344   0.03630755589419835   12
38.375   0.39375   0.27226591434510444   12
59.13362   1.87031   6.871740554262005e-13   12
9.46121   -2.46094   0.04881695092652457   12
20.5819   -2.06719   0.046032712357952664   12
27.99569   -1.96875   0.00037613751095264057   12
26.51293   0.7875   0.22331778798355154   12
36.89224   1.67344   0.013325178154569404   12
39.85776   1.47656   0.1360429949842659   12
16.13362   -0.59063   0.27251990252706076   12
32.44397   1.67344   0.003681399782393342   12
33.92672   2.16562   0.0034699104568913747   12
33.92672   -2.3625   0.004237814796555158   12
9.46121   2.3625   0.13111229495609472   12
56.90948   -1.37813   0.0010927354681746085   12
10.20259   2.3625   0.07031541147327819   12
19.84052   -2.06719   0.008313570852645263   12
16.13362   -0.39375   0.3320360668492294   12
10.94397   -2.46094   0.03569551518840457   12
38.375   1.87031   0.0007366029437027369   12
39.85776   1.87031   0.03777480973967387   12
21.32328   2.3625   0.238021782563567   12
21.32328   2.16562   0.016774854660166413   12
31.70259   -1.575   0.237611069681659   12
30.96121   -1.37813   0.1454423229669957   12
30.96121   -1.18125   0.035833118117404736   12
27.99569   -1.08281   0.003908614797575046   12
25.03017   -0.68906   0.28337312877920695   12
25.77155   1.08281   0.22415126609658662   12
38.375   0.09844   0.019129254249943026   12
39.85776   0.09844   0.38846205678546164   12
20.5819   2.16562   0.010081378202308453   12
25.77155   1.18125   0.2208832342602063   12
10.20259   2.46094   0.10535683775730406   12
19.84052   -1.96875   0.00523054019997873   12
8.71983   -2.26406   0.09229361751066723   12
19.09914   -2.26406   0.08364708165533466   12
28.73707   -0.68906   0.21305222417823155   12
41.34052   0.19687   0.2207613405393647   12
40.59914   -1.37813   0.2372124948111849   12
36.15086   1.18125   0.0854391184349644   12
25.03017   -2.26406   0.01595016802314272   12
22.80603   -1.47656   0.24383853296660127   12
26.51293   -2.06719   0.002231758165545447   12
48.01293   1.77188   6.385592419049889e-05   12
41.34052   0.49219   0.3556516606082659   12
16.13362   -0.19687   0.3768970892568354   12
38.375   0.49219   0.5070600479800698   12
8.71983   -2.06719   0.003160344348572575   12
29.47845   0.49219   0.3014839550889832   12
22.80603   -1.27969   0.1507822843368675   12
33.92672   0.49219   0.38624585765135855   12
31.70259   1.27969   0.05673548924598083   12
33.92672   1.37813   0.2494131289118271   12
56.1681   1.18125   0.011394345193893282   12
16.13362   0.0   0.15757379391178916   12
21.32328   -1.47656   0.12049188504650815   12
34.6681   1.47656   0.2452377617552605   12
24.28879   1.27969   0.1506062363226426   12
7.23707   2.46094   0.00874643349309945   12
42.82328   0.09844   0.20159440062064443   12
23.54741   2.06719   0.026156307625373673   12
32.44397   1.47656   0.2427018455755786   12
34.6681   -1.67344   0.030441860584288646   12
38.375   0.59063   0.5541422520135394   12
14.65086   -0.68906   0.21052968792856552   12
17.61638   -0.68906   0.1637249258521845   12
39.85776   0.59063   0.46539306943764047   12
38.375   -1.37813   1.0417209677482109   12
38.375   -0.29531   0.025375575898330012   12
42.0819   1.67344   0.01699823970333034   12
22.80603   -1.96875   0.030244818184120174   12
42.82328   -0.49219   0.1481055634697288   12
53.94397   2.16562   7.582039098179401e-09   12
59.13362   2.16562   0.0007761205592660863   12
18.35776   -1.67344   0.39354460194597396   12
53.20259   -2.06719   2.350311426392011e-07   12
53.94397   -2.26406   0.0001876328847892658   12
42.0819   -2.06719   0.003675605139651644   12
43.56466   -0.98438   0.46838385512083236   12
20.5819   2.3625   0.05225147953956757   12
16.875   -1.67344   0.29144992201496644   12
15.39224   0.0   0.08715885258237348   12
16.875   0.0   0.029479825094274617   12
22.80603   1.08281   0.24605852324292202   12
45.04741   -0.88594   0.1956421562649715   12
42.0819   0.7875   0.5427534166404226   12
7.23707   0.59063   0.09436346383495305   12
40.59914   -1.47656   0.19804453604980382   12
34.6681   -1.47656   0.229216007539275   12
25.03017   -1.37813   0.11494797240875525   12
22.80603   -0.98438   0.294752611278678   12
21.32328   1.08281   0.16477636964453699   12
18.35776   -0.39375   0.2854088116651976   12
22.06466   -0.88594   0.4341540838759285   12
42.82328   0.7875   0.5196736446446455   12
9.46121   2.26406   0.08944809416428313   12
33.92672   1.47656   0.2635271381029353   12
26.51293   1.37813   0.2033244910333451   12
44.30603   -1.08281   0.2315728327631134   12
39.85776   0.29531   0.20561714291749347   12
18.35776   -1.575   0.15381071600425936   12
38.375   0.29531   0.09652042947010744   12
42.82328   -0.88594   0.5705228197981513   12
36.15086   0.39375   0.19608955237359577   12
35.40948   -0.7875   0.11385603207652663   12
22.80603   -1.575   0.3942921449674045   12
40.59914   0.68906   0.6501919832144119   12
17.61638   -0.29531   0.4511914574882542   12
14.65086   -0.88594   0.34186232194974636   12
9.46121   2.06719   0.01704601405322872   12
40.59914   0.19687   0.1445934478202831   12
38.375   0.19687   0.06690466047558968   12
9.46121   0.39375   0.34634349444288426   12
18.35776   1.96875   0.005205122131872035   12
27.25431   1.575   0.24629991177611169   12
42.0819   -0.88594   0.5109879590877839   12
24.28879   1.08281   0.172300863026044   12
45.78879   -1.18125   0.06769836991141469   12
39.85776   -1.27969   0.2533399437398252   12
23.54741   -1.08281   0.36344302640232834   12
18.35776   1.77188   0.538464965659036   12
42.0819   0.68906   0.7404806770599275   12
42.0819   -0.7875   0.7404806770599275   12
14.65086   -0.39375   0.38780630577634106   12
10.20259   1.96875   0.0   12
13.1681   -0.98438   0.22758753040154142   12
19.84052   -0.59063   0.5101959199733064   12
31.70259   0.29531   0.09211581227325416   12
27.25431   0.98437   0.1110992387319013   12
33.92672   0.29531   0.05101612029077471   12
19.09914   -1.67344   0.2542471507897168   12
8.71983   0.19687   0.615654021296991   12
22.06466   -1.67344   0.11104388429959283   12
10.94397   0.49219   0.1356871182328242   12
24.28879   -1.67344   0.188144604292958   12
