5.01293   -2.26406   1.911794e-05   0
16.13362   -2.26406   3.205332e-05   1
27.25431   -2.26406   3.71477e-05   2
38.375   -2.26406   7.765381e-06   3
49.49569   -2.26406   6.652216e-06   4
5.01293   -0.7875   0   5
16.13362   -0.7875   2.600933e-05   6
27.25431   -0.7875   1.931784e-05   7
38.375   -0.7875   2.103121e-05   8
49.49569   -0.7875   0   9
5.01293   0.68906   0   10
16.13362   0.68906   2.600933e-05   11
27.25431   0.68906   1.931784e-05   12
38.375   0.68906   2.103121e-05   13
49.49569   0.68906   0   14
5.01293   2.16562   1.911794e-05   15
16.13362   2.16562   3.205332e-05   16
27.25431   2.16562   3.71477e-05   17
38.375   2.16562   7.76538e-06   18
49.49569   2.16562   6.652215e-06   19
22.80603   2.26406   5.535024e-05   0
25.03017   -2.06719   2.27724e-05   1
21.32328   -1.67344   4.137104e-05   2
33.92672   -1.575   3.543678e-05   3
33.92672   -1.27969   2.533962e-05   4
33.92672   -1.08281   2.422169e-05   5
39.85776   -1.37813   4.42274e-05   6
32.44397   -0.68906   3.633295e-06   7
43.56466   -1.47656   2.789941e-06   0
38.375   -1.47656   1.754711e-05   1
42.0819   -1.08281   2.136416e-05   2
38.375   -1.18125   1.874918e-05   3
26.51293   -1.96875   3.011117e-05   4
21.32328   -2.06719   7.31104e-05   5
33.92672   1.96875   1.631735e-05   6
8.71983   -2.46094   8.913723e-05   7
7.23707   -2.55938   2.223405e-05   8
38.375   0.98437   1.065825e-05   9
39.85776   0.98437   1.790272e-05   10
39.85776   1.67344   2.036552e-05   11
38.375   0.39375   3.319494e-05   12
59.13362   1.87031   0   13
9.46121   -2.46094   8.510157e-05   0
20.5819   -2.06719   8.421263e-05   1
27.99569   -1.96875   1.065522e-05   2
26.51293   0.7875   1.776144e-05   3
36.89224   1.67344   2.115406e-05   4
39.85776   1.47656   6.727711e-06   5
16.13362   -0.59063   4.137624e-05   6
32.44397   1.67344   5.367103e-06   7
33.92672   2.16562   8.741022e-06   8
33.92672   -2.3625   0.0   9
9.46121   2.3625   8.510128e-05   10
56.90948   -1.37813   0   11
10.20259   2.3625   3.551934e-05   0
19.84052   -2.06719   3.010361e-05   1
16.13362   -0.39375   6.310065e-05   2
10.94397   -2.46094   1.562439e-05   3
38.375   1.87031   6.563254e-06   4
39.85776   1.87031   0   5
21.32328   2.3625   9.450265e-05   6
21.32328   2.16562   0.0001036954   7
31.70259   -1.575   2.096302e-05   8
30.96121   -1.37813   1.282685e-05   9
30.96121   -1.18125   4.298745e-06   10
27.99569   -1.08281   0   11
25.03017   -0.68906   2.327095e-05   12
25.77155   1.08281   3.78785e-05   13
38.375   0.09844   8.612201e-06   14
39.85776   0.09844   2.627009e-05   15
20.5819   2.16562   6.384858e-05   0
25.77155   1.18125   3.134831e-05   1
10.20259   2.46094   7.327367e-05   2
19.84052   -1.96875   2.07828e-05   3
8.71983   -2.26406   3.37154e-05   4
19.09914   -2.26406   7.138591e-05   5
28.73707   -0.68906   1.312684e-05   6
41.34052   0.19687   4.323748e-05   7
40.59914   -1.37813   3.788456e-05   8
36.15086   1.18125   9.722314e-06   9
25.03017   -2.26406   6.185955e-05   10
22.80603   -1.47656   4.394771e-05   11
26.51293   -2.06719   1.298953e-05   12
48.01293   1.77188   0   13
41.34052   0.49219   2.971115e-05   0
16.13362   -0.19687   5.393484e-05   1
38.375   0.49219   7.020018e-05   2
8.71983   -2.06719   0   3
29.47845   0.49219   1.522557e-05   4
22.80603   -1.27969   2.247673e-05   5
33.92672   0.49219   2.451843e-05   6
31.70259   1.27969   8.326381e-07   7
33.92672   1.37813   4.554986e-05   8
56.1681   1.18125   0   9
16.13362   0.0   4.985009e-05   0
21.32328   -1.47656   1.146152e-05   1
34.6681   1.47656   2.228692e-05   2
24.28879   1.27969   2.973362e-05   3
7.23707   2.46094   2.223425e-05   4
42.82328   0.09844   2.877536e-05   5
23.54741   2.06719   3.399317e-05   6
32.44397   1.47656   4.56991e-05   7
34.6681   -1.67344   1.158642e-05   8
38.375   0.59063   4.371104e-05   9
14.65086   -0.68906   2.746913e-05   10
17.61638   -0.68906   3.01625e-05   11
39.85776   0.59063   8.898127e-05   12
38.375   -1.37813   1.606613e-05   13
38.375   -0.29531   1.247101e-05   14
42.0819   1.67344   1.899678e-05   0
22.80603   -1.96875   6.026119e-05   1
42.82328   -0.49219   1.286833e-05   2
53.94397   2.16562   0   3
59.13362   2.16562   0   4
18.35776   -1.67344   6.899155e-05   5
53.20259   -2.06719   0   6
53.94397   -2.26406   0   7
42.0819   -2.06719   3.038113e-08   8
43.56466   -0.98438   6.475797e-05   9
20.5819   2.3625   0   0
16.875   -1.67344   2.74298e-05   1
15.39224   0.0   1.582333e-05   2
16.875   0.0   2.256035e-05   3
22.80603   1.08281   4.27647e-05   4
45.04741   -0.88594   2.294265e-05   5
42.0819   0.7875   7.800078e-05   6
7.23707   0.59063   1.664278e-05   7
40.59914   -1.47656   1.984338e-05   8
34.6681   -1.47656   2.701499e-05   9
25.03017   -1.37813   7.357527e-06   10
22.80603   -0.98438   4.222353e-05   11
21.32328   1.08281   2.188277e-05   0
18.35776   -0.39375   6.163926e-05   1
22.06466   -0.88594   2.661209e-05   2
42.82328   0.7875   8.682747e-05   3
9.46121   2.26406   4.461918e-05   4
33.92672   1.47656   3.543683e-05   5
26.51293   1.37813   2.226704e-05   6
44.30603   -1.08281   5.246146e-05   7
39.85776   0.29531   3.544073e-05   8
18.35776   -1.575   3.84582e-05   9
38.375   0.29531   1.614508e-05   10
42.82328   -0.88594   8.682728e-05   11
36.15086   0.39375   3.285907e-05   12
35.40948   -0.7875   1.405534e-05   13
22.80603   -1.575   5.359077e-05   14
40.59914   0.68906   8.787341e-05   0
17.61638   -0.29531   3.531544e-05   1
14.65086   -0.88594   4.76391e-05   2
9.46121   2.06719   5.173812e-05   3
40.59914   0.19687   3.947313e-05   4
38.375   0.19687   1.247101e-05   5
9.46121   0.39375   3.782715e-05   6
18.35776   1.96875   6.927923e-05   7
27.25431   1.575   3.101603e-05   8
42.0819   -0.88594   7.80006e-05   9
24.28879   1.08281   1.683991e-05   10
45.78879   -1.18125   9.125356e-06   11
39.85776   -1.27969   3.291865e-05   12
23.54741   -1.08281   3.768737e-05   13
18.35776   1.77188   5.583634e-05   0
42.0819   0.68906   7.678444e-05   1
42.0819   -0.7875   7.678444e-05   2
14.65086   -0.39375   4.021373e-05   3
10.20259   1.96875   0   4
13.1681   -0.98438   2.359978e-05   5
19.84052   -0.59063   5.290497e-05   6
31.70259   0.29531   9.551986e-06   7
27.25431   0.98437   1.152048e-05   8
33.92672   0.29531   5.290137e-06   9
19.09914   -1.67344   2.636426e-05   10
8.71983   0.19687   6.384049e-05   11
22.06466   -1.67344   1.151474e-05   12
10.94397   0.49219   1.407013e-05   13
24.28879   -1.67344   1.950973e-05   14
