5.01293   -0.39   0.00031003666193785416   12
16.13362   -0.39   0.2664554090951988   12
27.25431   -0.39   0.00039058585237441545   12
38.375   -0.39   0.3854803410889185   12
49.49569   -0.39   0.04592607471215668   12
5.01293   0.34125   0.00169986017727149   12
16.13362   0.34125   0.1453114910216574   12
27.25431   0.34125   0.13292216901853446   12
38.375   0.34125   0.7387735542820095   12
14.65086   -0.39   0.1452628346414297   12
22.80603   -0.8775   0.12648633879272708   12
24.28879   -0.78   0.2216245827868609   12
26.51293   -0.6825   0.26825547530793276   12
34.6681   -0.39   0.25418899065808137   12
36.15086   -0.34125   0.2077343530048201   12
32.44397   -0.4875   0.0006081848843656096   12
38.375   -0.2925   0.16027129865559683   12
40.59914   -0.24375   0.1445502894935662   12
42.82328   -0.195   0.05580852091507698   12
40.59914   -0.39   0.32448442383534637   12
32.44397   -0.2925   0.20052508724228923   12
45.04741   -0.14625   0.019511526054689976   12
16.875   -0.34125   0.30980005780754133   12
16.13362   0.4875   0.12525151695594247   12
13.90948   0.24375   0.18622734318977435   12
27.99569   -0.63375   0.029962085215533653   12
33.92672   0.92625   0.010804821810693036   12
29.47845   -0.585   0.013634284299941912   12
39.85776   0.92625   0.25621957980431664   12
31.70259   -0.4875   0.004282959454696416   12
36.89224   -0.34125   0.22874562070146884   12
42.0819   -0.195   0.09886977178968084   12
46.53017   -0.0975   0.019930795136337026   12
27.25431   -0.585   0.00040608860577476464   12
24.28879   -0.73125   0.3454435100571211   12
17.61638   -0.2925   0.4607363803031993   12
28.73707   -0.53625   0.0002808269762425218   12
36.15086   -0.2925   0.1271440258626799   12
31.70259   -0.43875   0.015265245286018058   12
30.21983   -0.4875   0.00035378112234299414   12
39.85776   -0.195   0.19081553305705412   12
42.0819   -0.14625   0.09761499751560546   12
34.6681   -0.34125   0.3093670627903979   12
38.375   -0.24375   0.11865133987872434   12
44.30603   -0.0975   0.08444612048819679   12
26.51293   -0.73125   0.2871955955054089   12
27.99569   -0.6825   0.16034051908662728   12
29.47845   -0.63375   0.12975951425301074   12
32.44397   -0.53625   0.001677991382808062   12
30.96121   -0.585   0.040530816890706076   12
36.15086   -0.43875   0.18880361008405264   12
34.6681   -0.4875   0.13824736593959958   12
40.59914   -0.34125   0.291606709612103   12
42.82328   -0.2925   0.05654386387370189   12
48.01293   -0.195   0.001167072579702178   12
45.78879   -0.24375   0.0068968988908969285   12
22.80603   -0.92625   0.06819974648296794   12
32.44397   -0.39   0.39636045368886075   12
19.09914   -0.34125   0.34197234100376583   12
16.875   -0.24375   0.2645282680364424   12
36.15086   0.39   0.7078020569245559   12
41.34052   -0.4875   0.2583308343779367   12
10.94397   0.14625   0.7485731788895722   12
32.44397   0.34125   0.6674430077567397   12
39.85776   0.4875   0.44716537788176935   12
38.375   -0.53625   0.24492420836639175   12
28.73707   -0.4875   4.686164603394065e-05   12
49.49569   0.92625   0.00468780326758342   12
44.30603   0.2925   0.07757482758911682   12
42.0819   0.195   0.15302813172029267   12
31.70259   -0.34125   0.24439447826961533   12
16.13362   -0.195   0.5657799131741412   12
38.375   0.2925   0.39980641184258636   12
39.85776   0.34125   0.7109629965586355   12
13.1681   0.63375   0.22909574134071678   12
45.78879   -0.14625   0.0067126072430836806   12
43.56466   -0.195   0.0314451259339244   12
41.34052   -0.24375   0.11487012244379176   12
28.73707   -0.585   0.0066629076632665025   12
35.40948   -0.39   0.2972905590306546   12
30.21983   -0.53625   0.001550631276257859   12
17.61638   0.195   0.6235265634607363   12
39.85776   0.39   0.7682697639196829   12
38.375   0.39   0.5670051372318515   12
16.13362   -0.2925   0.35047227800129593   12
19.09914   -0.24375   0.4834681652643544   12
13.1681   0.34125   0.05215888807911749   12
12.42672   0.585   0.11346061372720195   12
14.65086   0.63375   0.20395622936511568   12
13.1681   0.6825   0.3107274068488159   12
26.51293   0.39   0.0009234689862310374   12
18.35776   -0.39   0.23675339550386143   12
43.56466   -0.585   0.24142181609703756   12
33.92672   0.6825   0.26507466682156056   12
38.375   0.73125   0.2662219114703087   12
42.0819   0.78   0.12432691430928582   12
42.0819   0.0975   0.13224167490295863   12
14.65086   0.73125   0.3830996245931639   12
42.0819   0.43875   0.8753733908825965   12
42.82328   0.63375   0.30056138390526455   12
10.94397   0.53625   0.0182630688857751   12
37.63362   0.78   0.14402159180199953   12
35.40948   0.2925   0.3976411656580616   12
19.84052   -0.43875   0.32673398904344153   12
9.46121   0.0975   0.2414000548614144   12
12.42672   0.0975   0.12671334709939674   12
13.1681   -0.24375   0.3327160052875293   12
56.90948   -0.78   0.004498949373525328   12
19.09914   0.2925   0.19746073141618498   12
31.70259   0.43875   0.015224317899031482   12
27.99569   0.195   0.11093163487701765   12
43.56466   -0.43875   0.2689517824305109   12
10.20259   0.04875   0.09507339210434493   12
15.39224   0.78   0.6540141400919688   12
33.92672   -0.43875   0.20052676433661637   12
10.94397   -0.24375   0.17496455661312715   12
25.03017   0.4875   0.0013987383964167831   12
44.30603   -0.6825   0.021955363152003346   12
7.23707   0.53625   0.0025174515462437364   12
36.89224   0.82875   0.12910367855371782   12
41.34052   0.34125   0.6048873616860058   12
44.30603   0.43875   0.661359572992207   12
44.30603   0.4875   0.7227722725758468   12
7.23707   0.04875   0.19941901545842738   12
16.13362   0.8775   0.02899128677063031   12
5.75431   0.585   0.0008814383972942212   12
25.77155   0.2925   0.5801287494927946   12
12.42672   0.0   0.08488366611988375   12
10.94397   -0.0975   0.0810303843761286   12
20.5819   0.53625   0.3337897275419387   12
38.375   0.6825   0.46445080061878313   12
33.92672   -0.39   0.1936822432205016   12
18.35776   -0.14625   0.07488682410543235   12
35.40948   -0.34125   0.212863752632179   12
36.15086   0.24375   0.1174415353343064   12
45.78879   -0.53625   0.24390416760283073   12
39.85776   0.6825   0.4335151633503257   12
37.63362   -0.2925   0.1426173076692236   12
6.49569   0.04875   0.21013523378462884   12
16.875   0.92625   0.032854781564351836   12
16.13362   0.14625   0.42961607884450925   12
45.78879   0.53625   0.24407923950219038   12
16.875   0.585   0.12227989153297866   12
35.40948   -0.2925   0.12122918063783047   12
40.59914   -0.14625   0.19706454903224674   12
36.89224   -0.24375   0.03569375828963817   12
43.56466   0.82875   0.18607828618954297   12
42.0819   -0.0975   0.15753622193476235   12
32.44397   0.24375   0.27954598377870143   12
37.63362   0.6825   0.41047090974596007   12
45.78879   0.0   0.0   12
13.1681   0.73125   0.622083834939939   12
13.1681   0.8775   0.3934091088830503   12
42.82328   0.4875   1.0   12
47.27155   -0.585   0.03707378450101493   12
45.04741   -0.4875   0.45918500276798974   12
18.35776   0.0975   0.13773220358344831   12
45.78879   0.82875   0.0   12
28.73707   0.53625   0.019844190736461015   12
22.80603   0.63375   0.46756728851240326   12
15.39224   0.195   0.4873558887883235   12
30.96121   0.14625   0.1329671971248056   12
20.5819   -0.24375   0.5324090957021468   12
17.61638   -0.24375   0.6767391103768859   12
