5.01293   -0.39   0   0
16.13362   -0.39   5.510399e-05   1
27.25431   -0.39   6.430864e-06   2
38.375   -0.39   3.347871e-05   3
49.49569   -0.39   0   4
5.01293   0.34125   0   5
16.13362   0.34125   1.352423e-05   6
27.25431   0.34125   1.973964e-05   7
38.375   0.34125   7.450104e-05   8
14.65086   -0.39   2.411108e-05   0
22.80603   -0.8775   3.769806e-05   1
24.28879   -0.78   3.034633e-05   2
26.51293   -0.6825   2.305246e-05   3
34.6681   -0.39   2.410902e-05   4
36.15086   -0.34125   1.732044e-05   5
32.44397   -0.4875   0   6
38.375   -0.2925   9.996311e-06   7
40.59914   -0.24375   2.704032e-05   8
42.82328   -0.195   1.148448e-05   9
40.59914   -0.39   4.375558e-05   10
32.44397   -0.2925   1.345323e-05   11
45.04741   -0.14625   1.818182e-06   12
16.875   -0.34125   5.043689e-05   0
16.13362   0.4875   1.416107e-05   1
13.90948   0.24375   1.8305e-05   2
27.99569   -0.63375   5.230886e-06   3
33.92672   0.92625   0   4
29.47845   -0.585   1.025707e-05   5
39.85776   0.92625   1.107093e-05   6
31.70259   -0.4875   0   7
36.89224   -0.34125   2.336106e-05   8
42.0819   -0.195   1.938659e-05   9
46.53017   -0.0975   0.0   10
27.25431   -0.585   1.053164e-05   0
24.28879   -0.73125   3.70913e-05   1
17.61638   -0.2925   6.685739e-05   2
28.73707   -0.53625   1.237781e-05   3
36.15086   -0.2925   9.005294e-06   4
31.70259   -0.43875   3.085432e-06   5
30.21983   -0.4875   3.273592e-06   6
39.85776   -0.195   2.303276e-05   7
42.0819   -0.14625   1.797192e-05   8
34.6681   -0.34125   3.080915e-05   9
38.375   -0.24375   1.256808e-05   10
44.30603   -0.0975   1.479767e-05   11
26.51293   -0.73125   4.359426e-05   0
27.99569   -0.6825   0   1
29.47845   -0.63375   8.867833e-06   2
32.44397   -0.53625   0   3
30.96121   -0.585   8.52849e-06   4
36.15086   -0.43875   1.654352e-05   5
34.6681   -0.4875   8.390558e-06   6
40.59914   -0.34125   2.66687e-05   7
42.82328   -0.2925   3.149102e-06   8
48.01293   -0.195   0.0   9
45.78879   -0.24375   0   10
22.80603   -0.92625   3.485031e-05   11
32.44397   -0.39   2.212263e-05   12
19.09914   -0.34125   3.74783e-05   0
16.875   -0.24375   5.352559e-05   1
36.15086   0.39   3.218863e-05   2
41.34052   -0.4875   2.571409e-05   3
10.94397   0.14625   4.653804e-05   4
32.44397   0.34125   2.870955e-05   5
39.85776   0.4875   3.459609e-05   6
38.375   -0.53625   8.80195e-06   7
28.73707   -0.4875   1.022669e-05   8
49.49569   0.92625   0   9
44.30603   0.2925   0   10
42.0819   0.195   1.603858e-05   11
31.70259   -0.34125   1.896475e-05   12
16.13362   -0.195   4.182872e-05   0
38.375   0.2925   2.705532e-05   1
39.85776   0.34125   8.682036e-05   2
13.1681   0.63375   2.089462e-05   3
45.78879   -0.14625   0   4
43.56466   -0.195   6.25255e-06   5
41.34052   -0.24375   2.110498e-05   6
28.73707   -0.585   1.665506e-05   7
35.40948   -0.39   2.491397e-05   8
30.21983   -0.53625   6.210283e-06   9
17.61638   0.195   4.485541e-05   10
39.85776   0.39   6.782629e-05   0
38.375   0.39   4.271062e-05   1
16.13362   -0.2925   3.293769e-05   2
19.09914   -0.24375   3.667077e-05   3
13.1681   0.34125   0   4
12.42672   0.585   1.654548e-05   5
14.65086   0.63375   1.771503e-05   6
13.1681   0.6825   2.180154e-05   7
26.51293   0.39   6.807023e-06   8
18.35776   -0.39   3.248805e-05   9
43.56466   -0.585   2.58855e-05   10
33.92672   0.6825   1.405807e-05   11
38.375   0.73125   3.711064e-05   12
42.0819   0.78   2.804593e-05   13
42.0819   0.0975   1.765956e-05   14
14.65086   0.73125   5.047717e-05   0
42.0819   0.43875   8.359164e-05   1
42.82328   0.63375   2.252632e-05   2
10.94397   0.53625   6.03667e-06   3
37.63362   0.78   1.973889e-05   4
35.40948   0.2925   4.152686e-05   5
19.84052   -0.43875   2.870858e-05   6
9.46121   0.0975   3.704472e-05   7
12.42672   0.0975   3.333617e-05   8
13.1681   -0.24375   4.661445e-05   9
56.90948   -0.78   0.0   10
19.09914   0.2925   1.330229e-05   11
31.70259   0.43875   3.189433e-06   12
27.99569   0.195   1.302984e-05   13
43.56466   -0.43875   3.352017e-05   14
10.20259   0.04875   1.574853e-05   0
15.39224   0.78   4.808983e-05   1
33.92672   -0.43875   8.533757e-06   2
10.94397   -0.24375   1.941165e-05   3
25.03017   0.4875   1.137668e-05   4
44.30603   -0.6825   0   5
7.23707   0.53625   1.503574e-05   6
36.89224   0.82875   1.486418e-05   7
41.34052   0.34125   6.234971e-05   8
44.30603   0.43875   9.040251e-05   9
44.30603   0.4875   8.514999e-05   0
7.23707   0.04875   3.642564e-05   1
16.13362   0.8775   2.50974e-05   2
5.75431   0.585   0   3
25.77155   0.2925   3.411617e-05   4
12.42672   0.0   1.601847e-05   5
10.94397   -0.0975   1.109566e-05   6
20.5819   0.53625   2.696506e-05   7
38.375   0.6825   3.897278e-05   8
33.92672   -0.39   1.335543e-05   9
18.35776   -0.14625   1.790433e-05   10
35.40948   -0.34125   1.155046e-05   11
36.15086   0.24375   1.157713e-05   12
45.78879   -0.53625   3.058303e-05   13
39.85776   0.6825   4.45781e-05   14
37.63362   -0.2925   9.86245e-06   15
6.49569   0.04875   4.58673e-05   0
16.875   0.92625   0   1
16.13362   0.14625   3.640194e-05   2
45.78879   0.53625   2.011733e-05   3
16.875   0.585   1.109226e-05   4
35.40948   -0.2925   8.1338e-06   5
40.59914   -0.14625   2.350244e-05   6
36.89224   -0.24375   3.935555e-06   7
43.56466   0.82875   2.619821e-05   8
42.0819   -0.0975   1.379355e-05   9
32.44397   0.24375   2.545009e-05   10
37.63362   0.6825   3.73696e-05   11
45.78879   0.0   0.0   12
13.1681   0.73125   5.663501e-05   0
13.1681   0.8775   3.581628e-05   1
42.82328   0.4875   9.10408e-05   2
47.27155   -0.585   3.375227e-06   3
45.04741   -0.4875   4.180457e-05   4
18.35776   0.0975   1.253925e-05   5
45.78879   0.82875   0   6
28.73707   0.53625   1.806631e-06   7
22.80603   0.63375   4.25677e-05   8
15.39224   0.195   4.436927e-05   9
30.96121   0.14625   1.210544e-05   10
20.5819   -0.24375   4.847095e-05   11
17.61638   -0.24375   6.161087e-05   12
