5.01293   -2.26167   0.001675415487023909   11
16.13362   -2.26167   0.2931215242142948   11
27.25431   -2.26167   0.10215316234487659   11
38.375   -2.26167   0.11355854083568429   11
49.49569   -2.26167   0.04426581016986278   11
5.01293   -0.78667   0.10971462950019542   11
16.13362   -0.78667   0.6623800185447971   11
27.25431   -0.78667   0.12172578288585877   11
38.375   -0.78667   0.08317684181980395   11
5.01293   0.68833   0.011815229864317812   11
16.13362   0.68833   0.5564303083935866   11
27.25431   0.68833   0.21801961979071435   11
38.375   0.68833   0.05960230866968334   11
5.01293   2.16333   0.07127945015096407   11
16.13362   2.16333   0.1694587894545016   11
27.25431   2.16333   0.15816753765846536   11
38.375   2.16333   0.18179968905490101   11
49.49569   2.16333   0.025891317474610404   11
29.47845   -2.85167   0.11822246604360262   11
21.32328   2.85167   0.1539479330693563   11
33.92672   -2.75333   0.2104645825417718   11
37.63362   -2.655   0.23479923644487297   11
42.0819   -2.55667   0.03626775860555646   11
47.27155   -2.45833   0.04091606766133392   11
53.20259   -2.36   0.004059618328014452   11
56.90948   -2.26167   0.008173448409858735   11
59.13362   -2.26167   0.01679911825240562   11
32.44397   -2.75333   0.0669231559507298   11
33.92672   2.85167   0.02874276061323781   11
33.92672   -1.18   0.021622921351686183   11
59.13362   2.26167   0.0017407744091588345   11
39.85776   2.85167   0.09586287946443849   11
39.85776   -1.08167   0.03916836497217949   11
27.25431   -2.85167   0.11132087137565717   11
35.40948   -2.55667   0.4437759299073265   11
41.34052   2.85167   0.06449812000423788   11
56.1681   -2.065   0.012853084366072891   11
42.0819   -2.36   0.17610624036550185   11
46.53017   -2.26167   0.03328465418554154   11
50.97845   -2.16333   0.003047649969824845   11
32.44397   2.85167   0.13300341238957752   11
36.15086   -1.37667   0.0973455309871615   11
29.47845   -2.75333   0.14018984956511896   11
31.70259   -2.655   0.09744715001115083   11
38.375   -2.45833   0.3058450141333224   11
29.47845   -1.475   0.39922121276378525   11
38.375   2.85167   0.07815419363483248   11
9.46121   2.85167   0.06975974802117813   11
10.20259   -1.86833   0.3399303234066817   11
30.96121   2.85167   0.10247404865093336   11
10.20259   -1.77   0.1221335323199374   11
43.56466   2.75333   0.009883668321746083   11
45.04741   -2.55667   0.03720050248744164   11
50.97845   -2.45833   0.006142934425214748   11
57.65086   -2.36   0.0102866943572094   11
26.51293   -1.475   0.36636118254755684   11
38.375   2.55667   0.24855047707186625   11
33.92672   2.45833   0.3785276359002758   11
14.65086   1.96667   0.042987158261732536   11
39.85776   1.86833   0.17804545122799892   11
30.96121   -2.85167   0.0845790147772144   11
33.92672   -0.295   0.16219517731934596   11
39.85776   -2.655   0.08773910401615614   11
16.13362   -0.68833   0.2843350625909679   11
15.39224   1.86833   0.049234770600709146   11
36.89224   2.55667   0.3429964108447806   11
39.85776   2.55667   0.08628987123525139   11
31.70259   2.55667   0.2558691316059431   11
10.20259   -2.065   0.3526919399328121   11
25.03017   -1.27833   0.28408740525738885   11
40.59914   1.67167   0.5943308164754285   11
38.375   1.67167   0.25489246133303634   11
48.01293   -2.55667   0.06655850782449796   11
54.68534   -2.45833   0.029581861299714553   11
19.84052   2.655   0.4711221118474864   11
24.28879   2.75333   0.012433696108830133   11
22.80603   2.655   0.2725423068282268   11
32.44397   -2.85167   0.08020262406950411   11
36.89224   -2.75333   0.19722679388005293   11
19.84052   2.36   0.10787816063293905   11
36.15086   0.0   0.14475568000487363   11
29.47845   2.26167   0.12050881329876853   11
47.27155   -1.96667   0.08541039853637022   11
53.94397   -1.77   0.06049588010665645   11
50.23707   -1.86833   0.014870662141350379   11
50.23707   -2.45833   0.07133001760209215   11
13.1681   2.75333   0.28048600940653   11
56.1681   -2.36   0.0007021344462520877   11
44.30603   -2.55667   0.036352951446317824   11
34.6681   -2.75333   0.17362331785174875   11
40.59914   -2.16333   0.18166697989961034   11
44.30603   -2.065   0.2850234813286153   11
32.44397   -2.45833   0.19601941446713592   11
41.34052   1.57333   0.28488078469363054   11
25.03017   -1.57333   0.622474388120542   11
16.13362   -0.98333   0.10361506977619792   11
38.375   1.57333   0.7508551064246334   11
13.1681   2.065   0.06980583503358719   11
36.15086   2.36   0.2985524112352109   11
56.90948   -2.36   0.0031232917773038778   11
37.63362   -1.37667   0.5392678284175195   11
32.44397   2.655   0.19136249943070888   11
25.77155   -0.59   0.49633966286883185   11
32.44397   2.26167   0.29745466687823335   11
27.25431   1.77   0.1502559966767691   11
29.47845   0.98333   0.034280086520141015   11
27.99569   1.08167   0.06755171020834487   11
25.77155   0.39333   0.21759920659725956   11
32.44397   1.27833   0.1170366367070272   11
37.63362   1.37667   0.20790144577214956   11
39.85776   1.37667   0.4761245944044266   11
30.96121   -1.57333   0.3302352897227583   11
22.06466   -1.57333   0.23748591675147318   11
16.13362   1.96667   0.32994287885725754   11
34.6681   2.26167   0.2586577766747788   11
32.44397   2.16333   0.1716971972434882   11
33.92672   -1.57333   0.5863569261585723   11
32.44397   1.57333   0.1641917362861869   11
6.49569   2.85167   0.35717529494549627   11
5.01293   0.39333   9.912534853567673e-06   11
6.49569   0.49167   1.6868404445648387e-06   11
35.40948   2.45833   0.5543175915518755   11
39.85776   1.57333   0.5145342433986282   11
19.09914   2.75333   0.3159378727383679   11
29.47845   -1.27833   0.040071629260443574   11
34.6681   -1.57333   0.6511379525104861   11
15.39224   0.59   0.13884196043196648   11
22.80603   -1.27833   0.4123882409354859   11
6.49569   0.19667   0.056605296209429945   11
32.44397   -1.57333   0.40151864059106307   11
15.39224   2.065   0.06854529661478846   11
10.20259   -1.475   0.24606040067129947   11
32.44397   2.75333   0.11884762359614506   11
32.44397   1.08167   0.03366476137726491   11
38.375   -0.39333   0.7471258544469136   11
39.85776   -0.39333   0.7934292396718768   11
13.90948   -0.885   0.19984773226825234   11
17.61638   0.78667   0.2279447381863429   11
36.89224   -0.39333   0.4539269886835595   11
36.15086   2.55667   0.11017414073904616   11
25.03017   -0.49167   0.17954723351044258   11
13.1681   -0.78667   0.7397592766670837   11
20.5819   2.655   0.4422564177726623   11
32.44397   2.36   0.19323248224979767   11
17.61638   1.96667   0.17347247832729232   11
24.28879   1.67167   0.2152451395582218   11
28.73707   1.86833   0.11091222095509433   11
27.99569   0.49167   0.4132583261514891   11
32.44397   -0.59   0.7139717315302034   11
52.46121   -2.36   0.0126567524817769   11
58.39224   -2.26167   0.0880622379175069   11
31.70259   -0.68833   0.22632614973181678   11
33.92672   -0.59   0.46357150451666485   11
28.73707   0.49167   0.4179102357776116   11
15.39224   0.885   0.027186086679606   11
19.09914   1.96667   0.2643784667346844   11
22.80603   -0.295   0.33160123429086147   11
18.35776   -0.59   0.15505019581533658   11
21.32328   -1.37667   0.6786185384949619   11
15.39224   -0.78667   0.6449297435973934   11
21.32328   2.55667   0.27105892115165864   11
32.44397   2.45833   0.2665803306435419   11
33.92672   0.49167   0.6668812002911388   11
32.44397   1.86833   0.04469449421385072   11
53.20259   2.85167   0.0   11
52.46121   -2.16333   0.0   11
56.90948   -2.065   0.0   11
48.01293   -2.26167   0.0   11
43.56466   -2.36   0.055768587118121174   11
39.85776   -2.45833   0.19416773307619775   11
36.15086   -2.55667   0.4373189022191441   11
33.92672   -2.655   0.2515458448341751   11
30.21983   -2.75333   0.284722691616568   11
36.89224   2.36   0.46405712798579696   11
14.65086   2.85167   0.033356745906962935   11
32.44397   -2.655   0.42447126604553137   11
20.5819   -1.08167   0.1762219028707995   11
50.23707   -1.77   0.0   11
