5.01293   -2.26406   0.12175542790489599   11
16.13362   -2.26406   0.23827709955242413   11
27.25431   -2.26406   0.10560389025883284   11
38.375   -2.26406   0.012681412097203713   11
49.49569   -2.26406   0.022542405626886045   11
5.01293   -0.7875   0.04198011995352911   11
16.13362   -0.7875   0.15612285105024862   11
27.25431   -0.7875   0.1810499772338503   11
38.375   -0.7875   0.1828585223841484   11
49.49569   -0.7875   0.015522714813202748   11
5.01293   0.68906   0.04935898098401484   11
16.13362   0.68906   0.27754652969985666   11
27.25431   0.68906   0.13115062618791018   11
38.375   0.68906   0.3727881042552988   11
49.49569   0.68906   0.03721930801764242   11
5.01293   2.16562   0.21078612348648526   11
16.13362   2.16562   0.06385559692501973   11
27.25431   2.16562   0.09228831822454638   11
38.375   2.16562   0.004070642126701588   11
49.49569   2.16562   0.007037150595945769   11
22.80603   2.26406   0.09864218804973461   11
25.03017   -2.06719   0.08361872732984815   11
21.32328   -1.67344   0.39179884929278164   11
33.92672   -1.575   0.22401349296347806   11
33.92672   -1.27969   0.24055555414101204   11
33.92672   -1.08281   0.07084811022290696   11
39.85776   -1.37813   0.34944708235986954   11
32.44397   -0.68906   0.09053010090767322   11
43.56466   -1.47656   0.06041981812690124   11
38.375   -1.47656   0.19481636310968806   11
42.0819   -1.08281   0.24875157787711183   11
38.375   -1.18125   0.1371097414954596   11
26.51293   -1.96875   0.10082232986876889   11
21.32328   -2.06719   0.29202240645571764   11
33.92672   1.96875   0.002248933995823824   11
8.71983   -2.46094   0.0447468116506312   11
7.23707   -2.55938   0.0031491535340147526   11
38.375   0.98437   0.15220676576644282   11
39.85776   0.98437   0.1800749478476364   11
39.85776   1.67344   0.0765545061946792   11
38.375   0.39375   0.3531960315009675   11
59.13362   1.87031   0.011138098877742933   11
9.46121   -2.46094   0.11016508898271102   11
20.5819   -2.06719   0.18855608675068358   11
27.99569   -1.96875   0.06370045499979013   11
26.51293   0.7875   0.3794487884342995   11
36.89224   1.67344   0.09145617309294081   11
39.85776   1.47656   0.17548765996164212   11
16.13362   -0.59063   0.3838550613991887   11
32.44397   1.67344   0.04911331535141044   11
33.92672   2.16562   0.02593647602766249   11
33.92672   -2.3625   0.014794744671775571   11
9.46121   2.3625   0.39729694773743773   11
56.90948   -1.37813   1.0479252121698659e-09   11
10.20259   2.3625   0.21902230542790688   11
19.84052   -2.06719   0.08283890212182704   11
16.13362   -0.39375   0.6092362751245162   11
10.94397   -2.46094   0.07425714587135569   11
38.375   1.87031   0.019662146891253618   11
39.85776   1.87031   0.007151095655130924   11
21.32328   2.3625   0.39079072709701945   11
21.32328   2.16562   0.27014784164345246   11
31.70259   -1.575   0.24506389367147063   11
30.96121   -1.37813   0.17216258291033085   11
30.96121   -1.18125   0.04422804978087965   11
27.99569   -1.08281   0.05813582739410629   11
25.03017   -0.68906   0.24614543011894366   11
25.77155   1.08281   0.3248736626561206   11
38.375   0.09844   0.1253052600142456   11
39.85776   0.09844   0.14833420937389752   11
20.5819   2.16562   0.07771025346549218   11
25.77155   1.18125   0.35162897772473806   11
10.20259   2.46094   0.13866287782809333   11
19.84052   -1.96875   0.07350941935753723   11
8.71983   -2.26406   0.21567702720327336   11
19.09914   -2.26406   0.39358729341713883   11
28.73707   -0.68906   0.22727915644181662   11
41.34052   0.19687   0.2823192582135827   11
40.59914   -1.37813   0.2924109101327338   11
36.15086   1.18125   0.11216677963218058   11
25.03017   -2.26406   0.23689372253907867   11
22.80603   -1.47656   0.24983919646490632   11
26.51293   -2.06719   0.0527674790231417   11
48.01293   1.77188   0.006959804784262168   11
41.34052   0.49219   0.33986128803825655   11
16.13362   -0.19687   0.43101743192637487   11
38.375   0.49219   0.7701101782038177   11
8.71983   -2.06719   0.007970234486571198   11
29.47845   0.49219   0.3323415062601445   11
22.80603   -1.27969   0.22160542286323373   11
33.92672   0.49219   0.4121015203352335   11
31.70259   1.27969   0.060569966264692465   11
33.92672   1.37813   0.40222773772665465   11
56.1681   1.18125   0.01453630548627885   11
16.13362   0.0   0.3636287628736641   11
21.32328   -1.47656   0.12972971880907908   11
34.6681   1.47656   0.3373723595298633   11
24.28879   1.27969   0.2686844521213808   11
7.23707   2.46094   0.00048292728118789607   11
42.82328   0.09844   0.22036129472548205   11
23.54741   2.06719   0.060013923128054786   11
32.44397   1.47656   0.3861787981198634   11
34.6681   -1.67344   0.08311438477428136   11
38.375   0.59063   0.45152156393502096   11
14.65086   -0.68906   0.277925958692845   11
17.61638   -0.68906   0.32019892299129044   11
39.85776   0.59063   0.6384332044234033   11
38.375   -1.37813   0.22548775732308504   11
38.375   -0.29531   0.07288135463816206   11
42.0819   1.67344   0.10022471551244605   11
22.80603   -1.96875   0.09680588780014618   11
42.82328   -0.49219   0.39207772754309034   11
53.94397   2.16562   0.004607690942890239   11
59.13362   2.16562   0.0002868688196426734   11
18.35776   -1.67344   0.5558689153491173   11
53.20259   -2.06719   2.9288401075158512e-05   11
53.94397   -2.26406   0.0030113154104621483   11
42.0819   -2.06719   0.008877031068883455   11
43.56466   -0.98438   0.4645233156197244   11
20.5819   2.3625   0.14376039767586418   11
16.875   -1.67344   0.2553709956791389   11
15.39224   0.0   0.011578357289734527   11
16.875   0.0   0.07005523340357193   11
22.80603   1.08281   0.26625895075225225   11
45.04741   -0.88594   0.25650750729137173   11
42.0819   0.7875   0.6963658114947421   11
7.23707   0.59063   0.0966666365995419   11
40.59914   -1.47656   0.2678299796872397   11
34.6681   -1.47656   0.2536518397332084   11
25.03017   -1.37813   0.11472709821815329   11
22.80603   -0.98438   0.27787650976962863   11
21.32328   1.08281   0.24041750412476637   11
18.35776   -0.39375   0.4577031578853944   11
22.06466   -0.88594   0.4294247959022452   11
42.82328   0.7875   0.7201073576093271   11
9.46121   2.26406   0.2715272493964213   11
33.92672   1.47656   0.23803151388230925   11
26.51293   1.37813   0.20068103848453592   11
44.30603   -1.08281   0.40750119142956537   11
39.85776   0.29531   0.22099060478384683   11
18.35776   -1.575   0.283590715914392   11
38.375   0.29531   0.16683094534188303   11
42.82328   -0.88594   0.647410341321194   11
36.15086   0.39375   0.3343257753477321   11
35.40948   -0.7875   0.13554448895515134   11
22.80603   -1.575   0.516809520962357   11
40.59914   0.68906   0.8474185933030781   11
17.61638   -0.29531   0.3405690127045173   11
14.65086   -0.88594   0.45941382163528954   11
9.46121   2.06719   0.49894325109889154   11
40.59914   0.19687   0.380664233900443   11
38.375   0.19687   0.12026579771137388   11
9.46121   0.39375   0.3647910129089622   11
18.35776   1.96875   0.6681032138359079   11
27.25431   1.575   0.29910709636107286   11
42.0819   -0.88594   0.7522088732962118   11
24.28879   1.08281   0.16239784985640635   11
45.78879   -1.18125   0.08800155069559498   11
39.85776   -1.27969   0.31745525838176036   11
23.54741   -1.08281   0.36344302640232834   11
