5.01293   -0.39   7.858315310314074e-10   11
16.13362   -0.39   0.4372811318185655   11
27.25431   -0.39   0.05468895547800415   11
38.375   -0.39   0.37167332551611143   11
49.49569   -0.39   0.017156044855314082   11
5.01293   0.34125   1.469574660535416e-08   11
16.13362   0.34125   0.144007041630405   11
27.25431   0.34125   0.2524324146642446   11
38.375   0.34125   0.7913858964198066   11
14.65086   -0.39   0.11026479078514695   11
22.80603   -0.8775   0.07349217673495842   11
24.28879   -0.78   0.28378786593925626   11
26.51293   -0.6825   0.21413079980091404   11
34.6681   -0.39   0.25167294690282094   11
36.15086   -0.34125   0.2096324000506895   11
32.44397   -0.4875   0.06690485161755964   11
38.375   -0.2925   0.15167058381511894   11
40.59914   -0.24375   0.16885831839292198   11
42.82328   -0.195   0.08261103624967397   11
40.59914   -0.39   0.4126773956307598   11
32.44397   -0.2925   0.20606811425849214   11
45.04741   -0.14625   0.02523397169403584   11
16.875   -0.34125   0.35730849118042923   11
16.13362   0.4875   0.10831615248488545   11
13.90948   0.24375   0.18558874354037483   11
27.99569   -0.63375   0.08184116956876829   11
33.92672   0.92625   0.0007991937055394421   11
29.47845   -0.585   0.1550098730027869   11
39.85776   0.92625   0.06492467240501393   11
31.70259   -0.4875   0.07065537000144792   11
36.89224   -0.34125   0.25292261257322257   11
42.0819   -0.195   0.11998889401037834   11
46.53017   -0.0975   0.01615548221571219   11
27.25431   -0.585   0.08281277130145594   11
24.28879   -0.73125   0.35396633195634897   11
17.61638   -0.2925   0.4498533121239347   11
28.73707   -0.53625   0.09504939600786463   11
36.15086   -0.2925   0.128537447394472   11
31.70259   -0.43875   0.07988571612590381   11
30.21983   -0.4875   0.03884094280415763   11
39.85776   -0.195   0.1769354709517816   11
42.0819   -0.14625   0.11247430640122402   11
34.6681   -0.34125   0.31848863779184144   11
38.375   -0.24375   0.11009431784800805   11
44.30603   -0.0975   0.11349626226104585   11
26.51293   -0.73125   0.36862739461274274   11
27.99569   -0.6825   0.07645228994583478   11
29.47845   -0.63375   0.0942360319834955   11
32.44397   -0.53625   0.039314813838376615   11
30.96121   -0.585   0.10762633150931669   11
36.15086   -0.43875   0.18118109806522253   11
34.6681   -0.4875   0.08154773716497886   11
40.59914   -0.34125   0.27105268970444585   11
42.82328   -0.2925   0.04498076633188773   11
48.01293   -0.195   0.004371463616765212   11
45.78879   -0.24375   0.013041453502010334   11
22.80603   -0.92625   0.05736302031364582   11
32.44397   -0.39   0.203027152682605   11
19.09914   -0.34125   0.29014812747714674   11
16.875   -0.24375   0.44443238238716304   11
36.15086   0.39   0.3885360572789177   11
41.34052   -0.4875   0.2850886593970535   11
10.94397   0.14625   0.7064790196484503   11
32.44397   0.34125   0.3580457199488214   11
39.85776   0.4875   0.39606870055146326   11
38.375   -0.53625   0.12432034353757544   11
28.73707   -0.4875   0.06821040495972189   11
49.49569   0.92625   0.011657390833967638   11
44.30603   0.2925   0.03538705478512349   11
42.0819   0.195   0.13714219243838707   11
31.70259   -0.34125   0.23383879048645517   11
16.13362   -0.195   0.4982770557313573   11
38.375   0.2925   0.3687101600471803   11
39.85776   0.34125   0.788014625905989   11
13.1681   0.63375   0.21078051391736546   11
45.78879   -0.14625   0.012623382479322558   11
43.56466   -0.195   0.050407073095230966   11
41.34052   -0.24375   0.13982876385650195   11
28.73707   -0.585   0.1693459209269374   11
35.40948   -0.39   0.26871410730296696   11
30.21983   -0.53625   0.08001252233872007   11
17.61638   0.195   0.5844030537577334   11
39.85776   0.39   0.7265652839224872   11
38.375   0.39   0.520574780466426   11
16.13362   -0.2925   0.3044111689130286   11
19.09914   -0.24375   0.5019637388795721   11
13.1681   0.34125   0.022852036696415227   11
12.42672   0.585   0.08597678704239348   11
14.65086   0.63375   0.18457290877679866   11
13.1681   0.6825   0.31098808396134137   11
26.51293   0.39   0.07917447951714282   11
18.35776   -0.39   0.2408972989395592   11
43.56466   -0.585   0.27922492259952203   11
33.92672   0.6825   0.24403883708215168   11
38.375   0.73125   0.2898043763217221   11
42.0819   0.78   0.15595968117300682   11
42.0819   0.0975   0.1264558842021216   11
14.65086   0.73125   0.5751054549269232   11
42.0819   0.43875   0.8777442521029444   11
42.82328   0.63375   0.2773748227255759   11
10.94397   0.53625   0.00034282103294411926   11
37.63362   0.78   0.17864045586927726   11
35.40948   0.2925   0.3941208752097777   11
19.84052   -0.43875   0.2910762141521913   11
9.46121   0.0975   0.26663810070621674   11
12.42672   0.0975   0.12792427623899305   11
13.1681   -0.24375   0.3394356753469752   11
56.90948   -0.78   0.0036377379339136264   11
19.09914   0.2925   0.14075597334533446   11
31.70259   0.43875   0.06706592525339816   11
27.99569   0.195   0.12807144374501434   11
43.56466   -0.43875   0.3257544840597718   11
10.20259   0.04875   0.1186893562131226   11
15.39224   0.78   0.5649369184097762   11
33.92672   -0.43875   0.08642810618898768   11
10.94397   -0.24375   0.15786479403619738   11
25.03017   0.4875   0.11753099450812264   11
44.30603   -0.6825   0.012569790556706359   11
7.23707   0.53625   6.036379816852175e-07   11
36.89224   0.82875   0.13237443487296655   11
41.34052   0.34125   0.53384126491622   11
44.30603   0.43875   0.8505495768697325   11
44.30603   0.4875   0.8593975854867819   11
7.23707   0.04875   0.15128749721759974   11
16.13362   0.8775   0.2577501090475226   11
5.75431   0.585   5.853038537579156e-09   11
25.77155   0.2925   0.3798032161116739   11
12.42672   0.0   0.12783308794328357   11
10.94397   -0.0975   0.11425117609011173   11
20.5819   0.53625   0.3038222523956857   11
38.375   0.6825   0.37892687027642186   11
33.92672   -0.39   0.1673366442841891   11
18.35776   -0.14625   0.0622191338519639   11
35.40948   -0.34125   0.18190143280719587   11
36.15086   0.24375   0.11976085212920465   11
45.78879   -0.53625   0.33829846096087374   11
39.85776   0.6825   0.4931068838686005   11
37.63362   -0.2925   0.10909486915794706   11
6.49569   0.04875   0.5073675498611709   11
16.875   0.92625   0.0   11
16.13362   0.14625   0.4026651472398277   11
45.78879   0.53625   0.2225306576111659   11
16.875   0.585   0.12269858436452703   11
35.40948   -0.2925   0.08997316556807991   11
40.59914   -0.14625   0.25997552501584303   11
36.89224   -0.24375   0.04353369170833863   11
43.56466   0.82875   0.28979516166088753   11
42.0819   -0.0975   0.15257928126110656   11
32.44397   0.24375   0.28151972771552475   11
37.63362   0.6825   0.41336905358048137   11
45.78879   0.0   0.0   11
