5.01293   -2.26167   0.00012504321634132544   7
16.13362   -2.26167   0.286728368380144   7
27.25431   -2.26167   0.1796591267803549   7
38.375   -2.26167   0.11836297960606693   7
49.49569   -2.26167   0.0034030862397369556   7
5.01293   -0.78667   0.14318481256476828   7
16.13362   -0.78667   0.7235131513224529   7
27.25431   -0.78667   0.1867759851199644   7
38.375   -0.78667   0.07558730226788077   7
5.01293   0.68833   3.0917458009895786e-05   7
16.13362   0.68833   0.7152363023260588   7
27.25431   0.68833   0.29232489693884445   7
38.375   0.68833   0.07724098976663042   7
5.01293   2.16333   0.02744139312812477   7
16.13362   2.16333   0.20586046215983783   7
27.25431   2.16333   0.15375342967315583   7
38.375   2.16333   0.08867414009281469   7
49.49569   2.16333   0.011322176090511879   7
29.47845   -2.85167   0.12088068437836341   7
21.32328   2.85167   0.25242101358381563   7
33.92672   -2.75333   0.3877510908365266   7
37.63362   -2.655   0.2097143737490194   7
42.0819   -2.55667   0.055159154184279025   7
47.27155   -2.45833   0.01814287348500837   7
53.20259   -2.36   0.0017154413078062955   7
56.90948   -2.26167   0.05794552762388733   7
59.13362   -2.26167   0.00010632638456888696   7
32.44397   -2.75333   0.05115599354257154   7
33.92672   2.85167   0.1436442120401867   7
33.92672   -1.18   0.0426203260609966   7
59.13362   2.26167   1.2556001512780176e-05   7
39.85776   2.85167   0.12831984540331903   7
39.85776   -1.08167   0.04030903810169975   7
27.25431   -2.85167   0.0782724679770661   7
35.40948   -2.55667   0.6577076733905486   7
41.34052   2.85167   0.10195851397933109   7
56.1681   -2.065   0.0006091667306967499   7
42.0819   -2.36   0.2656046308206039   7
46.53017   -2.26167   0.03086911774697032   7
50.97845   -2.16333   0.004993719983073214   7
32.44397   2.85167   0.1816954835202151   7
36.15086   -1.37667   0.08492121739639971   7
29.47845   -2.75333   0.1622299413329384   7
31.70259   -2.655   0.23388635689369225   7
38.375   -2.45833   0.39388605730917353   7
29.47845   -1.475   0.5720136787262227   7
38.375   2.85167   0.05217230560203334   7
9.46121   2.85167   0.10582266931163965   7
10.20259   -1.86833   0.32805302840543643   7
30.96121   2.85167   0.09986877454198231   7
10.20259   -1.77   0.14873615652313382   7
43.56466   2.75333   0.008033410841727415   7
45.04741   -2.55667   0.013727312999850722   7
50.97845   -2.45833   0.009874028883414362   7
57.65086   -2.36   1.4992670522211724e-11   7
26.51293   -1.475   0.4918398534692836   7
38.375   2.55667   0.38950452021033394   7
33.92672   2.45833   0.4372000328101123   7
14.65086   1.96667   0.30227899933201324   7
39.85776   1.86833   0.19703296597338818   7
30.96121   -2.85167   0.08340347150634704   7
33.92672   -0.295   0.10021843413432369   7
39.85776   -2.655   0.10077507340955504   7
16.13362   -0.68833   0.29612648486100673   7
15.39224   1.86833   0.09566832072007769   7
36.89224   2.55667   0.625688602109214   7
39.85776   2.55667   0.13245989493531563   7
31.70259   2.55667   0.1578747520280238   7
10.20259   -2.065   0.5513832802724201   7
25.03017   -1.27833   0.3438365508380823   7
40.59914   1.67167   0.7823554113828723   7
38.375   1.67167   0.37681592093370586   7
48.01293   -2.55667   0.02588084586691372   7
54.68534   -2.45833   0.017927933105077037   7
19.84052   2.655   0.5259886863511871   7
24.28879   2.75333   0.007857083123612874   7
22.80603   2.655   0.33961069007282785   7
32.44397   -2.85167   0.11125736225018004   7
36.89224   -2.75333   0.28805656844537786   7
19.84052   2.36   0.11611827766128022   7
36.15086   0.0   0.09338248174484126   7
29.47845   2.26167   0.20580337916922156   7
47.27155   -1.96667   0.07960090065811448   7
53.94397   -1.77   0.004213215253543928   7
50.23707   -1.86833   0.007553388473598918   7
50.23707   -2.45833   0.007435196975579053   7
13.1681   2.75333   0.12478591342123047   7
56.1681   -2.36   1.841592405181412e-08   7
44.30603   -2.55667   0.01170551204915797   7
34.6681   -2.75333   0.2661118950220493   7
40.59914   -2.16333   0.24206653055373187   7
44.30603   -2.065   0.47344764942200873   7
32.44397   -2.45833   0.23757829800130417   7
41.34052   1.57333   0.4345749256276   7
25.03017   -1.57333   0.3670365303805086   7
16.13362   -0.98333   0.0684010135731596   7
38.375   1.57333   0.923256640884575   7
13.1681   2.065   0.13210665823701276   7
36.15086   2.36   0.4332246985803536   7
56.90948   -2.36   3.288697849689437e-10   7
37.63362   -1.37667   0.11318476118425183   7
32.44397   2.655   0.12399750442870389   7
25.77155   -0.59   0.5410148405205587   7
32.44397   2.26167   0.32146877627918563   7
27.25431   1.77   0.25496379304417127   7
29.47845   0.98333   0.03092235053464325   7
27.99569   1.08167   0.1010245155342771   7
25.77155   0.39333   0.21560503384396237   7
32.44397   1.27833   0.13212799500759612   7
37.63362   1.37667   0.264582955241522   7
39.85776   1.37667   0.19979902047586054   7
30.96121   -1.57333   0.45750456220580776   7
22.06466   -1.57333   0.35518893814185293   7
16.13362   1.96667   0.3967998554005471   7
34.6681   2.26167   0.4409188531088514   7
32.44397   2.16333   0.31992775905381404   7
33.92672   -1.57333   0.771531027530472   7
32.44397   1.57333   0.16175667762183862   7
6.49569   2.85167   0.22770935999802105   7
5.01293   0.39333   0.11075193919769347   7
6.49569   0.49167   0.0   7
