5.01293   -2.26406   0.08267965008238805   7
16.13362   -2.26406   0.16662070594165249   7
27.25431   -2.26406   0.04673568854832439   7
38.375   -2.26406   0.012284266249690444   7
49.49569   -2.26406   0.0038721118371938703   7
5.01293   -0.7875   0.06037672444875408   7
16.13362   -0.7875   0.29444656002418834   7
27.25431   -0.7875   0.14473141513670648   7
38.375   -0.7875   0.20795288497569153   7
49.49569   -0.7875   0.018867816599695414   7
5.01293   0.68906   0.02247748528484465   7
16.13362   0.68906   0.17972084620102008   7
27.25431   0.68906   0.1893963517431243   7
38.375   0.68906   0.3845386264801852   7
49.49569   0.68906   0.026368486802059027   7
5.01293   2.16562   0.16850637437284838   7
16.13362   2.16562   0.013517625220905502   7
27.25431   2.16562   0.02277877860501977   7
38.375   2.16562   0.004270563496261321   7
49.49569   2.16562   0.0011571771549804737   7
22.80603   2.26406   0.28765262996241603   7
25.03017   -2.06719   0.016551038833911517   7
21.32328   -1.67344   0.41744952152521503   7
33.92672   -1.575   0.21014081551068572   7
33.92672   -1.27969   0.29931491075403116   7
33.92672   -1.08281   0.19513261539190407   7
39.85776   -1.37813   0.3385698197234204   7
32.44397   -0.68906   0.07543316759064506   7
43.56466   -1.47656   0.021172421328970365   7
38.375   -1.47656   0.2611831481115532   7
42.0819   -1.08281   0.1991478068176747   7
38.375   -1.18125   0.22171183636423536   7
26.51293   -1.96875   0.016752367595197683   7
21.32328   -2.06719   0.10556054945558543   7
33.92672   1.96875   0.009814247592158092   7
8.71983   -2.46094   0.1546154961461419   7
7.23707   -2.55938   0.0011352455065673584   7
38.375   0.98437   0.10271853283677372   7
39.85776   0.98437   0.17729425613810137   7
39.85776   1.67344   0.0988510816654539   7
38.375   0.39375   0.4039746335562587   7
59.13362   1.87031   0.0029291266228484293   7
9.46121   -2.46094   0.03283809365337773   7
20.5819   -2.06719   0.11278670223957059   7
27.99569   -1.96875   0.010691823872031337   7
26.51293   0.7875   0.17186375033320347   7
36.89224   1.67344   0.1364178808070673   7
39.85776   1.47656   0.15812740490038468   7
16.13362   -0.59063   0.20781448452079493   7
32.44397   1.67344   0.04975652040085391   7
33.92672   2.16562   0.004886182230144345   7
33.92672   -2.3625   0.021007118074161987   7
9.46121   2.3625   0.0649551977480852   7
56.90948   -1.37813   0.030172823471364046   7
10.20259   2.3625   0.09067145351734168   7
19.84052   -2.06719   0.05243854228199023   7
16.13362   -0.39375   0.972966733552774   7
10.94397   -2.46094   0.08759699364780395   7
38.375   1.87031   0.011720650284661729   7
39.85776   1.87031   0.01139047854953728   7
21.32328   2.3625   0.10687130728711552   7
21.32328   2.16562   0.09108761179188325   7
31.70259   -1.575   0.21987020745874902   7
30.96121   -1.37813   0.11419966306276276   7
30.96121   -1.18125   0.04754301483607004   7
27.99569   -1.08281   0.014402406634421841   7
25.03017   -0.68906   0.23885080870621772   7
25.77155   1.08281   0.259391015953011   7
38.375   0.09844   0.11129075424692163   7
39.85776   0.09844   0.18910359728956008   7
20.5819   2.16562   0.06645034319231985   7
25.77155   1.18125   0.1985515543042318   7
10.20259   2.46094   0.04954464810173884   7
19.84052   -1.96875   0.026102580965142695   7
8.71983   -2.26406   0.1632831586167109   7
19.09914   -2.26406   0.32633407998706293   7
28.73707   -0.68906   0.11493472323346723   7
41.34052   0.19687   0.3972086795314561   7
40.59914   -1.37813   0.3734068345613982   7
36.15086   1.18125   0.1477055808840173   7
25.03017   -2.26406   0.1501839013383698   7
22.80603   -1.47656   0.37738539275804356   7
26.51293   -2.06719   0.043609650374522   7
48.01293   1.77188   0.004977531150548773   7
41.34052   0.49219   0.3889816310827787   7
16.13362   -0.19687   0.420221091243109   7
38.375   0.49219   0.6783301096503698   7
8.71983   -2.06719   0.017622573028266357   7
29.47845   0.49219   0.19454213521539143   7
22.80603   -1.27969   0.237319909275384   7
33.92672   0.49219   0.3286552191310782   7
31.70259   1.27969   0.06609261406165122   7
33.92672   1.37813   0.31922303263079527   7
56.1681   1.18125   0.0   7
16.13362   0.0   0.4807357896300125   7
21.32328   -1.47656   0.11053065034707421   7
34.6681   1.47656   0.21492679520981645   7
24.28879   1.27969   0.2867400096822038   7
7.23707   2.46094   0.21441886525342493   7
42.82328   0.09844   0.27749890544807193   7
23.54741   2.06719   0.32781753096087196   7
32.44397   1.47656   0.4407051807505443   7
34.6681   -1.67344   0.1117351396493962   7
38.375   0.59063   0.4215330670405823   7
14.65086   -0.68906   0.26490210751875204   7
17.61638   -0.68906   0.2908759694258376   7
39.85776   0.59063   0.8581023844837862   7
38.375   -1.37813   0.15493580235960322   7
38.375   -0.29531   0.12026579771137388   7
