5.01293   -0.39   1.3225202133356745e-09   7
16.13362   -0.39   0.1263133207256849   7
27.25431   -0.39   0.04834454779758139   7
38.375   -0.39   0.31944212992579657   7
49.49569   -0.39   0.04726282678386473   7
5.01293   0.34125   2.9445792407405767e-07   7
16.13362   0.34125   0.12399077727603455   7
27.25431   0.34125   0.15962516818256717   7
38.375   0.34125   0.6873150587127685   7
14.65086   -0.39   0.04238536489533752   7
22.80603   -0.8775   0.06089128837920235   7
24.28879   -0.78   0.2578629224194419   7
26.51293   -0.6825   0.266386880514603   7
34.6681   -0.39   0.29689783115717727   7
36.15086   -0.34125   0.24983060095043708   7
32.44397   -0.4875   0.039480455198795776   7
38.375   -0.2925   0.18752462240934525   7
40.59914   -0.24375   0.1761417967889501   7
42.82328   -0.195   0.09631854316184003   7
40.59914   -0.39   0.4639117189856118   7
32.44397   -0.2925   0.24784350347790463   7
45.04741   -0.14625   0.02281721618960091   7
16.875   -0.34125   0.2172774423185111   7
16.13362   0.4875   0.1059419873038984   7
13.90948   0.24375   0.17971903990813165   7
27.99569   -0.63375   0.05982874474169372   7
33.92672   0.92625   0.01020303116185262   7
29.47845   -0.585   0.10311967248456483   7
39.85776   0.92625   0.07035572398730887   7
31.70259   -0.4875   0.21799623469587406   7
36.89224   -0.34125   0.2496004412257391   7
42.0819   -0.195   0.1281698566045939   7
46.53017   -0.0975   0.018792809927360994   7
27.25431   -0.585   0.05173158453427658   7
24.28879   -0.73125   0.3934016413416802   7
17.61638   -0.2925   0.3764379772328029   7
28.73707   -0.53625   0.01446137456658984   7
36.15086   -0.2925   0.15100718980281164   7
31.70259   -0.43875   0.07247785154338557   7
30.21983   -0.4875   0.06629152845413662   7
39.85776   -0.195   0.1492572591585722   7
42.0819   -0.14625   0.12020369098500455   7
34.6681   -0.34125   0.2846992420990318   7
38.375   -0.24375   0.0851194695641116   7
44.30603   -0.0975   0.10626137874093325   7
26.51293   -0.73125   0.41040751160020783   7
27.99569   -0.6825   0.12433281460716461   7
29.47845   -0.63375   0.13573639577992355   7
32.44397   -0.53625   0.0557167579328643   7
30.96121   -0.585   0.14570209736835965   7
36.15086   -0.43875   0.2201263014784021   7
34.6681   -0.4875   0.125698377638486   7
40.59914   -0.34125   0.22519172187551914   7
42.82328   -0.2925   0.07622897004604916   7
48.01293   -0.195   0.006456780556083275   7
45.78879   -0.24375   0.006030170578682926   7
22.80603   -0.92625   0.035747059600226415   7
32.44397   -0.39   0.2345007063782285   7
19.09914   -0.34125   0.2696240481884493   7
16.875   -0.24375   0.3696975433538814   7
36.15086   0.39   0.4217259252918443   7
41.34052   -0.4875   0.3105026369391784   7
10.94397   0.14625   0.6757757519640099   7
32.44397   0.34125   0.37652309751544705   7
39.85776   0.4875   0.43148967627517487   7
38.375   -0.53625   0.15428188631047882   7
28.73707   -0.4875   0.012345544899901473   7
49.49569   0.92625   0.008740792042830296   7
44.30603   0.2925   0.04655008651265424   7
42.0819   0.195   0.13484588749215315   7
31.70259   -0.34125   0.22308569687380225   7
16.13362   -0.195   0.49691176177096186   7
38.375   0.2925   0.43686964787097254   7
39.85776   0.34125   0.7103010098933674   7
13.1681   0.63375   0.05574307547566689   7
45.78879   -0.14625   0.013390323860688001   7
43.56466   -0.195   0.05105941012994645   7
41.34052   -0.24375   0.13302769201899625   7
28.73707   -0.585   0.03420677659994742   7
35.40948   -0.39   0.28086680163697664   7
30.21983   -0.53625   0.013727448072944215   7
17.61638   0.195   0.5166462106353855   7
39.85776   0.39   0.7812256249570954   7
38.375   0.39   0.49194244299378626   7
16.13362   -0.2925   0.3793774870318437   7
19.09914   -0.24375   0.4223752354862385   7
13.1681   0.34125   0.0   7
12.42672   0.585   0.1905714281765245   7
14.65086   0.63375   0.20404234674908053   7
13.1681   0.6825   0.25111091453663636   7
26.51293   0.39   0.07840353345689882   7
18.35776   -0.39   0.37419851749059785   7
43.56466   -0.585   0.2981501113333324   7
33.92672   0.6825   0.16192135116693826   7
38.375   0.73125   0.4274416738193668   7
42.0819   0.78   0.3230340210522048   7
42.0819   0.0975   0.2034034413126138   7
