5.01293   -2.26167   0.0013497001985360742   2
16.13362   -2.26167   0.35197890938092286   2
27.25431   -2.26167   0.16886271503973915   2
38.375   -2.26167   0.07443105247262298   2
49.49569   -2.26167   0.004787665663659575   2
5.01293   -0.78667   0.20591324635550273   2
16.13362   -0.78667   1.0009887857760975   2
27.25431   -0.78667   0.06182948980232757   2
38.375   -0.78667   0.04458379668867023   2
5.01293   0.68833   0.01696094814345942   2
16.13362   0.68833   0.6915413289060014   2
27.25431   0.68833   0.6240908972602285   2
38.375   0.68833   0.0683644974611265   2
5.01293   2.16333   0.06377050553174494   2
16.13362   2.16333   0.31533988054530776   2
27.25431   2.16333   0.10597875909575344   2
38.375   2.16333   0.14377042619531047   2
49.49569   2.16333   0.005331583633249809   2
29.47845   -2.85167   0.15812391380625826   2
21.32328   2.85167   0.18872431324430103   2
33.92672   -2.75333   0.2935606825522462   2
37.63362   -2.655   0.377079808351573   2
42.0819   -2.55667   0.03625327981024665   2
47.27155   -2.45833   0.048679897000606404   2
53.20259   -2.36   0.012981926073087506   2
56.90948   -2.26167   0.012518200724039877   2
59.13362   -2.26167   0.002696906756241497   2
32.44397   -2.75333   0.11479119665201594   2
33.92672   2.85167   0.051606026198842296   2
33.92672   -1.18   0.044908410279300856   2
59.13362   2.26167   0.014554278462832956   2
39.85776   2.85167   0.09478300916775906   2
39.85776   -1.08167   0.041546216965176776   2
27.25431   -2.85167   0.3151539287642955   2
35.40948   -2.55667   0.967921608103102   2
41.34052   2.85167   0.17550747970177347   2
56.1681   -2.065   0.0   2
42.0819   -2.36   0.37125960279233805   2
46.53017   -2.26167   0.0   2
50.97845   -2.16333   0.0   2
32.44397   2.85167   0.5657038772702695   2
36.15086   -1.37667   0.04551070168411951   2
29.47845   -2.75333   0.4906425276145565   2
31.70259   -2.655   0.19417749503896886   2
38.375   -2.45833   0.5936933410558348   2
29.47845   -1.475   0.8129725785351641   2
38.375   2.85167   0.19437399575285735   2
9.46121   2.85167   0.16593348940338432   2
10.20259   -1.86833   0.5319267332053516   2
