5.01293   -2.26406   0.1415501956106498   2
16.13362   -2.26406   0.36781287265257945   2
27.25431   -2.26406   0.2949680506022212   2
38.375   -2.26406   0.022603220127470153   2
49.49569   -2.26406   0.0007737329145707538   2
5.01293   -0.7875   0.02826826565057168   2
16.13362   -0.7875   0.40134157286124816   2
27.25431   -0.7875   0.2565756005012151   2
38.375   -0.7875   0.25873946965755756   2
49.49569   -0.7875   0.006078883207032745   2
5.01293   0.68906   0.008731514224273491   2
16.13362   0.68906   0.39764418199034934   2
27.25431   0.68906   0.2656339156427896   2
38.375   0.68906   0.2637352098100343   2
49.49569   0.68906   0.00710603162670384   2
5.01293   2.16562   0.28828651034908703   2
16.13362   2.16562   0.09342702427709675   2
27.25431   2.16562   0.15110183460928434   2
38.375   2.16562   0.07722293053788931   2
49.49569   2.16562   0.027592098242836   2
22.80603   2.26406   0.6034546176722527   2
25.03017   -2.06719   0.14900154917881048   2
21.32328   -1.67344   0.5441341584567586   2
33.92672   -1.575   0.44641207822816487   2
33.92672   -1.27969   0.33167061806369436   2
33.92672   -1.08281   0.24733506200378236   2
39.85776   -1.37813   0.4961720259873456   2
32.44397   -0.68906   0.0407606900057361   2
43.56466   -1.47656   0.03129939083814922   2
38.375   -1.47656   0.1968550066004968   2
42.0819   -1.08281   0.23967718090409584   2
38.375   -1.18125   0.2103406174950691   2
26.51293   -1.96875   0.3378068849570488   2
21.32328   -2.06719   0.8202004931048451   2
33.92672   1.96875   0.18305875109648348   2
8.71983   -2.46094   1.0   2
7.23707   -2.55938   0.24943617835106613   2
38.375   0.98437   0.11957124985822423   2
39.85776   0.98437   0.2008444731791643   2
39.85776   1.67344   0.2284737813818087   2
38.375   0.39375   0.37240264253219446   2
59.13362   1.87031   0.0   2
