5.01293   -0.39   1.4589641212962327e-16   2
16.13362   -0.39   0.049926310038246116   2
27.25431   -0.39   0.09738449117511613   2
38.375   -0.39   0.3531567694570644   2
49.49569   -0.39   0.06001971418482577   2
5.01293   0.34125   2.1607302360667934e-14   2
16.13362   0.34125   0.12754319562896266   2
27.25431   0.34125   0.26021451976021603   2
38.375   0.34125   1.011184541197774   2
14.65086   -0.39   0.005123536548448734   2
22.80603   -0.8775   0.18393081218575721   2
24.28879   -0.78   0.34318891940630414   2
26.51293   -0.6825   0.2603106349451523   2
34.6681   -0.39   0.22979596709670444   2
36.15086   -0.34125   0.22577729962785964   2
32.44397   -0.4875   0.054276738035486216   2
38.375   -0.2925   0.22933014093040843   2
40.59914   -0.24375   0.3629522487202863   2
42.82328   -0.195   0.15415194204000374   2
40.59914   -0.39   0.5873150227164614   2
32.44397   -0.2925   0.18057774763949605   2
45.04741   -0.14625   0.02440478683250596   2
16.875   -0.34125   0.6769957842199249   2
16.13362   0.4875   0.19007882306072507   2
13.90948   0.24375   0.24570126806283507   2
27.99569   -0.63375   0.07021225475510141   2
33.92672   0.92625   0.0   2
29.47845   -0.585   0.13767687001416357   2
39.85776   0.92625   0.14860101281807608   2
31.70259   -0.4875   0.0   2
36.89224   -0.34125   0.3135668978580702   2
42.0819   -0.195   0.26021905197565026   2
46.53017   -0.0975   0.0   2
