5.01293   -2.26167   0.011423422104275377   6
16.13362   -2.26167   0.3153395362973992   6
27.25431   -2.26167   0.19410104815415447   6
38.375   -2.26167   0.14261502456929198   6
49.49569   -2.26167   0.0021295939103740174   6
5.01293   -0.78667   0.2222739967839907   6
16.13362   -0.78667   0.7582330522921091   6
27.25431   -0.78667   0.1540755775302718   6
38.375   -0.78667   0.045566650136209086   6
5.01293   0.68833   0.11783476452981573   6
16.13362   0.68833   0.8172419467978344   6
27.25431   0.68833   0.4753091434618378   6
38.375   0.68833   0.07957792532337342   6
5.01293   2.16333   0.09190731831853166   6
16.13362   2.16333   0.25957677233422477   6
27.25431   2.16333   0.16231192027614771   6
38.375   2.16333   0.07730106516469742   6
49.49569   2.16333   0.004427431699617588   6
29.47845   -2.85167   0.09219110741029057   6
21.32328   2.85167   0.0829533286728065   6
33.92672   -2.75333   0.22811142416508243   6
37.63362   -2.655   0.2106314339467948   6
42.0819   -2.55667   0.06020273527667973   6
47.27155   -2.45833   0.1084719508860662   6
53.20259   -2.36   0.023400498483174742   6
56.90948   -2.26167   0.040924102827767775   6
59.13362   -2.26167   1.7599963667253636e-11   6
32.44397   -2.75333   0.06997968904210859   6
33.92672   2.85167   0.09444712733182804   6
33.92672   -1.18   0.04931774081824118   6
59.13362   2.26167   2.376656853486543e-11   6
39.85776   2.85167   0.06102480663891672   6
39.85776   -1.08167   0.0433951481636747   6
27.25431   -2.85167   0.045562178289998305   6
35.40948   -2.55667   0.5248542191910791   6
41.34052   2.85167   0.056038052262935734   6
56.1681   -2.065   2.971096390697676e-07   6
42.0819   -2.36   0.26952465843556533   6
46.53017   -2.26167   0.03290948880188052   6
50.97845   -2.16333   0.00493686879727427   6
32.44397   2.85167   0.13191289697746977   6
36.15086   -1.37667   0.3182381408999245   6
29.47845   -2.75333   0.17017840989336896   6
31.70259   -2.655   0.2057723097850381   6
38.375   -2.45833   0.3492891715396593   6
29.47845   -1.475   0.7376650930071228   6
38.375   2.85167   0.036537435648335045   6
9.46121   2.85167   0.12000158175322441   6
10.20259   -1.86833   0.35946264285893165   6
30.96121   2.85167   0.12072884827162754   6
10.20259   -1.77   0.22487581839128037   6
43.56466   2.75333   0.016704350814684257   6
45.04741   -2.55667   0.013527862482940642   6
50.97845   -2.45833   0.033554338077522505   6
57.65086   -2.36   0.023995055413692158   6
26.51293   -1.475   0.05576585028331378   6
38.375   2.55667   0.4036747393851985   6
33.92672   2.45833   0.44641564420484636   6
14.65086   1.96667   0.3162854280707728   6
39.85776   1.86833   0.20093428507298963   6
30.96121   -2.85167   0.11557682603409238   6
33.92672   -0.295   0.1200189101726212   6
39.85776   -2.655   0.09407395115596602   6
16.13362   -0.68833   0.48496905801939366   6
15.39224   1.86833   0.2921323745497825   6
36.89224   2.55667   0.5838370853431012   6
39.85776   2.55667   0.18243953577147926   6
31.70259   2.55667   0.17237427723867518   6
10.20259   -2.065   0.572942946747511   6
25.03017   -1.27833   0.3437874601000702   6
40.59914   1.67167   0.5625560528971771   6
38.375   1.67167   0.4204617597423969   6
48.01293   -2.55667   0.004189408097121178   6
54.68534   -2.45833   0.009495725670849709   6
19.84052   2.655   0.4559444005316578   6
24.28879   2.75333   0.038650841835228544   6
22.80603   2.655   0.3236289821039533   6
32.44397   -2.85167   0.0929818413010528   6
36.89224   -2.75333   0.07945462302975305   6
19.84052   2.36   0.15431252540552787   6
36.15086   0.0   0.1009818231848974   6
29.47845   2.26167   0.24172639211299088   6
47.27155   -1.96667   0.07266353738087813   6
53.94397   -1.77   6.545846005106783e-06   6
50.23707   -1.86833   0.001626955562252198   6
50.23707   -2.45833   0.015785093443736863   6
13.1681   2.75333   0.1043200074765783   6
56.1681   -2.36   0.0033224812051703377   6
44.30603   -2.55667   0.02175517065720215   6
34.6681   -2.75333   0.1832885284743079   6
40.59914   -2.16333   0.24982628509090063   6
44.30603   -2.065   0.52830689538639   6
32.44397   -2.45833   0.22907427245758682   6
41.34052   1.57333   0.4416878949146008   6
25.03017   -1.57333   0.3897032404825566   6
16.13362   -0.98333   0.11943487428248276   6
38.375   1.57333   1.0   6
13.1681   2.065   0.13660839827940366   6
36.15086   2.36   0.4827750555167361   6
56.90948   -2.36   0.0   6
37.63362   -1.37667   0.1062667845210988   6
32.44397   2.655   0.10451477748118235   6
25.77155   -0.59   0.5425044997517757   6
32.44397   2.26167   0.34191917076720246   6
27.25431   1.77   0.2598880040009767   6
29.47845   0.98333   0.03092235053464325   6
27.99569   1.08167   0.1010245155342771   6
25.77155   0.39333   0.21560503384396237   6
32.44397   1.27833   0.13212799500759612   6
