5.01293   -2.26406   0.1256409585679136   6
16.13362   -2.26406   0.23406108101783873   6
27.25431   -2.26406   0.005624632200815475   6
38.375   -2.26406   0.018863566697644798   6
49.49569   -2.26406   0.00011954433166969257   6
5.01293   -0.7875   0.062232792396622404   6
16.13362   -0.7875   0.2193124088846612   6
27.25431   -0.7875   0.11129186922968379   6
38.375   -0.7875   0.17172910946184575   6
49.49569   -0.7875   0.003589808136175036   6
5.01293   0.68906   0.05207697005121714   6
16.13362   0.68906   0.2512935929775491   6
27.25431   0.68906   0.139001023304216   6
38.375   0.68906   0.2946195208910579   6
49.49569   0.68906   0.011604534210431708   6
5.01293   2.16562   0.16640384515772033   6
16.13362   2.16562   0.06328666426447258   6
27.25431   2.16562   0.07102528774767448   6
38.375   2.16562   0.009917989253765268   6
49.49569   2.16562   0.00041182341856669125   6
22.80603   2.26406   0.26315753628622757   6
25.03017   -2.06719   0.01143108779680871   6
21.32328   -1.67344   0.3294016344028828   6
33.92672   -1.575   0.2543158930315742   6
33.92672   -1.27969   0.21626491636938622   6
33.92672   -1.08281   0.1789613382304823   6
39.85776   -1.37813   0.3477878533251499   6
32.44397   -0.68906   0.0007218320056123773   6
43.56466   -1.47656   -0.014896589802328719   6
38.375   -1.47656   0.1814333527874837   6
42.0819   -1.08281   0.1428699863041944   6
38.375   -1.18125   0.1680404103702602   6
26.51293   -1.96875   0.0074604218352179105   6
21.32328   -2.06719   0.17521971516956059   6
33.92672   1.96875   0.030795152109097983   6
8.71983   -2.46094   0.08319203883476856   6
7.23707   -2.55938   0.001088229934444681   6
38.375   0.98437   0.09615199137488853   6
39.85776   0.98437   0.1300381160237434   6
39.85776   1.67344   0.10257729204659884   6
38.375   0.39375   0.22360199700492356   6
59.13362   1.87031   2.398370324309067e-11   6
9.46121   -2.46094   0.19979094248519635   6
20.5819   -2.06719   0.2134738912340216   6
27.99569   -1.96875   0.020225010679200864   6
26.51293   0.7875   0.12861069864682925   6
36.89224   1.67344   0.11185858493124687   6
39.85776   1.47656   0.07783599987510405   6
16.13362   -0.59063   0.29603228097468237   6
32.44397   1.67344   0.04331640378387815   6
33.92672   2.16562   0.047105762226039176   6
33.92672   -2.3625   0.0070421460282156425   6
9.46121   2.3625   0.22745359624096742   6
56.90948   -1.37813   0.008656679048638979   6
10.20259   2.3625   0.13430892417278015   6
19.84052   -2.06719   0.0855089459948111   6
16.13362   -0.39375   0.5375091931639507   6
10.94397   -2.46094   0.10749067762206634   6
38.375   1.87031   0.018277908279212305   6
39.85776   1.87031   0.007179606342531962   6
21.32328   2.3625   0.19935284949956542   6
21.32328   2.16562   0.19950519287717333   6
31.70259   -1.575   0.15452474723766488   6
30.96121   -1.37813   0.09327171957678043   6
30.96121   -1.18125   0.01502886098758225   6
27.99569   -1.08281   -0.007597580606119911   6
25.03017   -0.68906   0.17144605226163612   6
25.77155   1.08281   0.20832484221244169   6
38.375   0.09844   0.08765647640139021   6
39.85776   0.09844   0.16129822796499257   6
20.5819   2.16562   0.09695468293436306   6
25.77155   1.18125   0.2726408592748963   6
10.20259   2.46094   0.14695654582203796   6
19.84052   -1.96875   0.0495936692051549   6
8.71983   -2.26406   0.16633508524676316   6
19.09914   -2.26406   0.3238991086628323   6
28.73707   -0.68906   0.08267449235873554   6
41.34052   0.19687   0.3071472897864741   6
40.59914   -1.37813   0.3653446536683401   6
36.15086   1.18125   0.0937583923684175   6
25.03017   -2.26406   0.5965505702278018   6
22.80603   -1.47656   0.423815424792228   6
26.51293   -2.06719   0.12526621238743474   6
48.01293   1.77188   0.0   6
41.34052   0.49219   0.28652331733133773   6
16.13362   -0.19687   0.5201276045031892   6
38.375   0.49219   0.6769845142600346   6
8.71983   -2.06719   0.0   6
29.47845   0.49219   0.1468297532966747   6
22.80603   -1.27969   0.21675725249143163   6
33.92672   0.49219   0.23644665047822758   6
31.70259   1.27969   0.008029653195802322   6
33.92672   1.37813   0.43926596551052405   6
56.1681   1.18125   0.0   6
