5.01293   -0.39   8.58196728489006e-09   6
16.13362   -0.39   0.317064744821462   6
27.25431   -0.39   0.07660389499116622   6
38.375   -0.39   0.401523404795099   6
49.49569   -0.39   0.029350068607423677   6
5.01293   0.34125   3.74436420687181e-07   6
16.13362   0.34125   0.1738112768798861   6
27.25431   0.34125   0.2568972033040926   6
38.375   0.34125   0.6660114868023939   6
14.65086   -0.39   0.12863311270793804   6
22.80603   -0.8775   0.07707539066476013   6
24.28879   -0.78   0.24645951449459608   6
26.51293   -0.6825   0.25554583466022884   6
34.6681   -0.39   0.30866754166289634   6
36.15086   -0.34125   0.2735710478495112   6
32.44397   -0.4875   0.08720493814311304   6
38.375   -0.2925   0.13159429982349097   6
40.59914   -0.24375   0.1574789602727838   6
42.82328   -0.195   0.12107445102998579   6
40.59914   -0.39   0.3648808843379774   6
32.44397   -0.2925   0.2823216990309942   6
45.04741   -0.14625   0.03315988991380657   6
16.875   -0.34125   0.4090642564014594   6
16.13362   0.4875   0.12925392941604363   6
13.90948   0.24375   0.22460109922656518   6
27.99569   -0.63375   0.12106525411776975   6
33.92672   0.92625   0.01118919791906557   6
29.47845   -0.585   0.09941385479122213   6
39.85776   0.92625   0.07045271067329945   6
31.70259   -0.4875   0.04582217079702189   6
36.89224   -0.34125   0.23842965784574507   6
42.0819   -0.195   0.13871858026523692   6
46.53017   -0.0975   0.020511056197988178   6
27.25431   -0.585   0.16879033134823346   6
24.28879   -0.73125   0.375136752562179   6
17.61638   -0.2925   0.4780764538671098   6
28.73707   -0.53625   0.13285783739331397   6
36.15086   -0.2925   0.16529717928115287   6
31.70259   -0.43875   0.3961243493138688   6
30.21983   -0.4875   0.05993076969346618   6
39.85776   -0.195   0.1478102350005223   6
42.0819   -0.14625   0.14850034030000747   6
34.6681   -0.34125   0.2807741411116753   6
38.375   -0.24375   0.09279411965325728   6
44.30603   -0.0975   0.13415585888394194   6
26.51293   -0.73125   0.4359356286320909   6
27.99569   -0.6825   0.08979368460518952   6
29.47845   -0.63375   0.12191877930456069   6
32.44397   -0.53625   0.20285534789326293   6
30.96121   -0.585   0.12434083603860183   6
36.15086   -0.43875   0.231264937610478   6
34.6681   -0.4875   0.08732248033702181   6
40.59914   -0.34125   0.34702984182777696   6
42.82328   -0.2925   0.06436378832380554   6
48.01293   -0.195   0.0033835866197866587   6
45.78879   -0.24375   0.00738118760841746   6
22.80603   -0.92625   0.04926657844730758   6
32.44397   -0.39   0.2414273746908005   6
19.09914   -0.34125   0.36114955902384244   6
16.875   -0.24375   0.48914062999309627   6
36.15086   0.39   0.4425683841042668   6
41.34052   -0.4875   0.3392894642903924   6
10.94397   0.14625   0.6389999830556936   6
32.44397   0.34125   0.42414425164504455   6
39.85776   0.4875   0.44819927241624125   6
38.375   -0.53625   0.12074389936708174   6
28.73707   -0.4875   0.11779137980998929   6
49.49569   0.92625   0.0   6
44.30603   0.2925   0.0   6
42.0819   0.195   0.18473293591503193   6
31.70259   -0.34125   0.21843666623819577   6
16.13362   -0.195   0.4817846873705661   6
38.375   0.2925   0.3116241397755089   6
39.85776   0.34125   1.0   6
13.1681   0.63375   0.2406649776619217   6
45.78879   -0.14625   0.0   6
43.56466   -0.195   0.07201709368631966   6
41.34052   -0.24375   0.2430879116373164   6
28.73707   -0.585   0.19183357452099944   6
35.40948   -0.39   0.2869599941764812   6
30.21983   -0.53625   0.07153026087429262   6
17.61638   0.195   0.5166462106353855   6
