5.01293   -2.26167   0.019100964813632472   5
16.13362   -2.26167   0.3023882398644057   5
27.25431   -2.26167   0.21151857362461546   5
38.375   -2.26167   0.1741519507781412   5
49.49569   -2.26167   -0.0007360625318901765   5
5.01293   -0.78667   0.25125304870082665   5
16.13362   -0.78667   0.9587349408043178   5
27.25431   -0.78667   0.16895210390674037   5
38.375   -0.78667   0.09031898601424332   5
5.01293   0.68833   0.11940426074469931   5
16.13362   0.68833   0.8264240121066914   5
27.25431   0.68833   0.574313030083407   5
38.375   0.68833   0.09327213121362204   5
5.01293   2.16333   0.07692240289982046   5
16.13362   2.16333   0.2677936097217711   5
27.25431   2.16333   0.15229726588684903   5
38.375   2.16333   0.1452352704166551   5
49.49569   2.16333   0.013478889229284662   5
29.47845   -2.85167   0.15697901259051628   5
21.32328   2.85167   0.2032206852451001   5
33.92672   -2.75333   0.16581995371078498   5
37.63362   -2.655   0.2553741119571004   5
42.0819   -2.55667   0.07714320357893947   5
47.27155   -2.45833   0.06947074042149859   5
53.20259   -2.36   0.06890101426329873   5
56.90948   -2.26167   1.1472396625598709e-09   5
59.13362   -2.26167   2.9775480360911063e-12   5
32.44397   -2.75333   0.05125700204287466   5
33.92672   2.85167   0.15338614388888946   5
33.92672   -1.18   0.038562461535590384   5
59.13362   2.26167   1.61474031580977e-12   5
39.85776   2.85167   0.14033345311023987   5
39.85776   -1.08167   0.07237548207674332   5
27.25431   -2.85167   0.0827292650314035   5
35.40948   -2.55667   0.5490686951388671   5
41.34052   2.85167   0.07157864764696531   5
56.1681   -2.065   0.00271403477330878   5
42.0819   -2.36   0.275302313362667   5
46.53017   -2.26167   0.012095838515831233   5
50.97845   -2.16333   0.08403510985480059   5
32.44397   2.85167   0.23962889116581923   5
36.15086   -1.37667   0.5077528045916483   5
29.47845   -2.75333   0.23761334435324635   5
31.70259   -2.655   0.2413415274354499   5
38.375   -2.45833   0.33982122315782265   5
29.47845   -1.475   0.6191709228644453   5
38.375   2.85167   0.10949149895428598   5
9.46121   2.85167   0.13211376776760386   5
10.20259   -1.86833   0.39901068509697063   5
30.96121   2.85167   0.12674089135718336   5
10.20259   -1.77   0.2277438882111126   5
43.56466   2.75333   0.017869257696055747   5
45.04741   -2.55667   0.034437586574823265   5
50.97845   -2.45833   0.05097197306297277   5
57.65086   -2.36   0.04515871326288726   5
26.51293   -1.475   0.691956642211992   5
38.375   2.55667   0.4352270658398444   5
33.92672   2.45833   0.4469968255633304   5
14.65086   1.96667   0.3474690956549556   5
39.85776   1.86833   0.22473783281325294   5
30.96121   -2.85167   0.12181261120803852   5
33.92672   -0.295   0.11573059630631345   5
39.85776   -2.655   0.10263552153487274   5
16.13362   -0.68833   0.4621201037925379   5
15.39224   1.86833   0.38582303571731336   5
36.89224   2.55667   0.5522625518241207   5
39.85776   2.55667   0.2056585764254506   5
31.70259   2.55667   0.1893453684725604   5
10.20259   -2.065   0.6397098908787588   5
25.03017   -1.27833   0.33650143738037225   5
40.59914   1.67167   0.7747058627016592   5
38.375   1.67167   0.37632773614680926   5
48.01293   -2.55667   0.0027613689618987153   5
54.68534   -2.45833   -8.18356033049696e-06   5
19.84052   2.655   0.5793838715905881   5
24.28879   2.75333   0.037290113384050104   5
22.80603   2.655   0.36492135563611217   5
32.44397   -2.85167   0.28401529833946937   5
36.89224   -2.75333   0.5519608299249575   5
19.84052   2.36   0.11586374067319889   5
36.15086   0.0   0.10425579636935701   5
29.47845   2.26167   0.24971309296412242   5
47.27155   -1.96667   0.05054244418188502   5
53.94397   -1.77   0.0   5
50.23707   -1.86833   0.0   5
50.23707   -2.45833   0.0   5
13.1681   2.75333   0.0630469237367581   5
56.1681   -2.36   0.0   5
44.30603   -2.55667   0.0   5
34.6681   -2.75333   0.5097976467454612   5
40.59914   -2.16333   0.27678186696996593   5
44.30603   -2.065   0.6136353265537906   5
32.44397   -2.45833   0.3142952313159643   5
