5.01293   -2.26406   0.14671795019297118   5
16.13362   -2.26406   0.2643408831153025   5
27.25431   -2.26406   0.006683277547080481   5
38.375   -2.26406   0.029722927161489856   5
49.49569   -2.26406   0.01324020065796682   5
5.01293   -0.7875   0.2159756259733111   5
16.13362   -0.7875   0.5118763404228772   5
27.25431   -0.7875   0.06654983544000469   5
38.375   -0.7875   0.3202562274768574   5
49.49569   -0.7875   0.040184572455309986   5
5.01293   0.68906   0.15614945330659102   5
16.13362   0.68906   0.38413741153436853   5
27.25431   0.68906   0.15089773236933876   5
38.375   0.68906   0.6085902971171817   5
49.49569   0.68906   0.05704145733121496   5
5.01293   2.16562   0.2582901228265537   5
16.13362   2.16562   0.13552409683980873   5
27.25431   2.16562   0.002320172230746854   5
38.375   2.16562   0.013558336569625391   5
49.49569   2.16562   0.03351676436219958   5
22.80603   2.26406   0.40422126270144043   5
25.03017   -2.06719   0.007838415493543983   5
21.32328   -1.67344   0.42149132051535054   5
33.92672   -1.575   0.3508084170145538   5
33.92672   -1.27969   0.2841080448255936   5
33.92672   -1.08281   0.20040899826697633   5
39.85776   -1.37813   0.31698982632123995   5
32.44397   -0.68906   0.07642078669290077   5
43.56466   -1.47656   0.11551873105010543   5
38.375   -1.47656   0.30581526594308805   5
42.0819   -1.08281   0.19650557852155615   5
38.375   -1.18125   0.25796542005734197   5
26.51293   -1.96875   0.005177336060514296   5
21.32328   -2.06719   0.08910149590394205   5
33.92672   1.96875   0.03822350820915754   5
8.71983   -2.46094   0.19863267140581906   5
7.23707   -2.55938   0.03215147221349159   5
38.375   0.98437   0.07419210872326223   5
39.85776   0.98437   0.19352306469967387   5
39.85776   1.67344   0.10456341087020235   5
38.375   0.39375   0.334939617560512   5
59.13362   1.87031   0.04555015485071162   5
9.46121   -2.46094   0.24911214611640842   5
20.5819   -2.06719   0.12659832250031794   5
27.99569   -1.96875   0.01601075871949523   5
26.51293   0.7875   0.09942795345193617   5
36.89224   1.67344   0.1436458974722288   5
39.85776   1.47656   0.15109030486638378   5
16.13362   -0.59063   0.3107728154680906   5
32.44397   1.67344   0.10435015731491905   5
33.92672   2.16562   0.0578121941891022   5
33.92672   -2.3625   0.019748084120522532   5
9.46121   2.3625   0.38929460566526564   5
56.90948   -1.37813   0.019170378225674523   5
10.20259   2.3625   0.21325914608449434   5
19.84052   -2.06719   0.10909680031598276   5
16.13362   -0.39375   0.6770196474539965   5
10.94397   -2.46094   0.15239023127190793   5
38.375   1.87031   0.02761475911754845   5
39.85776   1.87031   0.015284195622328751   5
21.32328   2.3625   0.6156184637988289   5
21.32328   2.16562   0.11188491247537478   5
31.70259   -1.575   0.26005058924622304   5
30.96121   -1.37813   0.1168187293564916   5
30.96121   -1.18125   0.046090761271182376   5
27.99569   -1.08281   0.009658225056517044   5
25.03017   -0.68906   0.24632450692122304   5
25.77155   1.08281   0.08392260541350216   5
38.375   0.09844   0.08305287409084684   5
39.85776   0.09844   0.2533390102164609   5
20.5819   2.16562   0.6157320382582062   5
25.77155   1.18125   0.3023114815121982   5
10.20259   2.46094   0.7066241125450116   5
19.84052   -1.96875   0.2004216194739593   5
8.71983   -2.26406   0.32513882004409067   5
19.09914   -2.26406   0.6884192548560496   5
28.73707   -0.68906   0.12659037912964316   5
41.34052   0.19687   0.4169662299388401   5
40.59914   -1.37813   0.3653446536683401   5
36.15086   1.18125   0.0937583923684175   5
25.03017   -2.26406   0.5965505702278018   5
22.80603   -1.47656   0.423815424792228   5
26.51293   -2.06719   0.12526621238743474   5
48.01293   1.77188   0.0   5
