5.01293   -0.39   3.448102879197609e-08   5
16.13362   -0.39   0.28048202131582384   5
27.25431   -0.39   0.07138347575816226   5
38.375   -0.39   0.43044692206593627   5
49.49569   -0.39   0.0531988543558735   5
5.01293   0.34125   1.3712155578856073e-05   5
16.13362   0.34125   0.17770312843655608   5
27.25431   0.34125   0.23157214167969042   5
38.375   0.34125   0.8869695170786046   5
14.65086   -0.39   0.24654787204346743   5
22.80603   -0.8775   0.03317585074106597   5
24.28879   -0.78   0.24769749315866815   5
26.51293   -0.6825   0.2599564574024453   5
34.6681   -0.39   0.2833176451844869   5
36.15086   -0.34125   0.25371840207351576   5
32.44397   -0.4875   0.03483717410020108   5
38.375   -0.2925   0.13628634040751458   5
40.59914   -0.24375   0.19222164188339505   5
42.82328   -0.195   0.12770481531452604   5
40.59914   -0.39   0.36654170025019533   5
32.44397   -0.2925   0.27417836025859954   5
45.04741   -0.14625   0.021366915433334608   5
16.875   -0.34125   0.36683179539244987   5
16.13362   0.4875   0.1263344202538169   5
13.90948   0.24375   0.2366280221159262   5
27.99569   -0.63375   0.03547757099431383   5
33.92672   0.92625   0.021486763036953203   5
29.47845   -0.585   0.08738998355285436   5
39.85776   0.92625   0.10616127573545966   5
31.70259   -0.4875   0.08648870400761266   5
36.89224   -0.34125   0.2958210985679797   5
42.0819   -0.195   0.14712668057464579   5
46.53017   -0.0975   0.017986839561409076   5
27.25431   -0.585   0.7091219373461606   5
24.28879   -0.73125   0.3520075341406659   5
17.61638   -0.2925   0.4660221514403389   5
28.73707   -0.53625   0.11159457782069336   5
36.15086   -0.2925   0.21678259406878161   5
31.70259   -0.43875   0.14075906670382632   5
30.21983   -0.4875   0.032317744605989726   5
39.85776   -0.195   0.13391417690666896   5
42.0819   -0.14625   0.1393375003566933   5
34.6681   -0.34125   0.3515981668772566   5
38.375   -0.24375   0.09864474777894965   5
44.30603   -0.0975   0.1391053036032835   5
26.51293   -0.73125   0.4572585056512325   5
27.99569   -0.6825   0.0843150252876281   5
29.47845   -0.63375   0.14401536553838104   5
32.44397   -0.53625   0.03184243249607452   5
30.96121   -0.585   0.15278329231494064   5
36.15086   -0.43875   0.23341946477191072   5
34.6681   -0.4875   0.09572469916549838   5
40.59914   -0.34125   0.35617622171811075   5
42.82328   -0.2925   0.06637155430929662   5
48.01293   -0.195   0.00879523307471506   5
45.78879   -0.24375   0.0   5
22.80603   -0.92625   0.4677828658499264   5
32.44397   -0.39   0.2969439084340299   5
19.09914   -0.34125   0.5030574069838488   5
16.875   -0.24375   0.7184542658733355   5
36.15086   0.39   0.4320561162636119   5
41.34052   -0.4875   0.34515075225795505   5
10.94397   0.14625   0.6246629577251539   5
32.44397   0.34125   0.3853577077581736   5
39.85776   0.4875   0.4643705644914487   5
38.375   -0.53625   0.11814533058867366   5
28.73707   -0.4875   0.13726909047175717   5
49.49569   0.92625   0.0   5
44.30603   0.2925   0.0   5
42.0819   0.195   0.21527994776985665   5
31.70259   -0.34125   0.2545568491392872   5
