5.01293   -2.26167   0.041976566498546426   9
16.13362   -2.26167   0.1836648757731949   9
27.25431   -2.26167   0.16179426584568402   9
38.375   -2.26167   0.09512194943594604   9
49.49569   -2.26167   0.004831490464661178   9
5.01293   -0.78667   0.1275739501893598   9
16.13362   -0.78667   0.37206756179555783   9
27.25431   -0.78667   0.0717455482991579   9
38.375   -0.78667   0.01747409910179063   9
5.01293   0.68833   0.2304187711684688   9
16.13362   0.68833   0.4542613749339013   9
27.25431   0.68833   0.2599616805286022   9
38.375   0.68833   0.07022174601291148   9
5.01293   2.16333   0.026834967786584396   9
16.13362   2.16333   0.15210463259391419   9
27.25431   2.16333   0.11925361063645382   9
38.375   2.16333   0.04980372097686221   9
49.49569   2.16333   0.020526655531197455   9
29.47845   -2.85167   0.001528682144177324   9
21.32328   2.85167   0.06466471892378127   9
33.92672   -2.75333   0.005822486176918102   9
37.63362   -2.655   0.14640647588856712   9
42.0819   -2.55667   0.0334885458488684   9
47.27155   -2.45833   0.013566469289534967   9
53.20259   -2.36   0.011761129868039302   9
56.90948   -2.26167   0.007261260393556082   9
59.13362   -2.26167   0.00014294431585867357   9
32.44397   -2.75333   0.00016855797325956797   9
33.92672   2.85167   0.004115832862766504   9
33.92672   -1.18   0.005266361841136819   9
59.13362   2.26167   0.014517638386749507   9
39.85776   2.85167   0.0157705630766218   9
39.85776   -1.08167   0.01216630634760335   9
27.25431   -2.85167   0.008637653839157143   9
35.40948   -2.55667   0.3944273668833501   9
41.34052   2.85167   0.020289395369693774   9
56.1681   -2.065   0.015595350875932968   9
42.0819   -2.36   0.21637697026398997   9
46.53017   -2.26167   0.0752345356686096   9
50.97845   -2.16333   0.014682857523537967   9
32.44397   2.85167   0.003313366618704717   9
36.15086   -1.37667   0.08594149313344082   9
29.47845   -2.75333   0.002928919356464213   9
31.70259   -2.655   0.1308565365636906   9
38.375   -2.45833   0.28279362703708   9
29.47845   -1.475   0.38849014108255675   9
38.375   2.85167   0.01788355964276492   9
9.46121   2.85167   0.03607451711135007   9
10.20259   -1.86833   0.19815526462134234   9
30.96121   2.85167   0.03835693572287683   9
10.20259   -1.77   0.11274496360277528   9
43.56466   2.75333   0.009377562004589978   9
45.04741   -2.55667   0.008246355185859562   9
50.97845   -2.45833   0.00012900017139438414   9
57.65086   -2.36   8.830598073135434e-05   9
26.51293   -1.475   0.3942477023002233   9
38.375   2.55667   0.19802890873364445   9
33.92672   2.45833   0.3331975209509966   9
14.65086   1.96667   0.2664878251978108   9
39.85776   1.86833   0.14779391713870693   9
30.96121   -2.85167   0.03176120176742977   9
33.92672   -0.295   0.005673171367333639   9
39.85776   -2.655   0.05974730196659622   9
16.13362   -0.68833   0.28943105340707315   9
15.39224   1.86833   0.07249426919143992   9
36.89224   2.55667   0.40191322486138903   9
39.85776   2.55667   0.10562836040412998   9
31.70259   2.55667   0.20299498562956747   9
10.20259   -2.065   0.2779312028020832   9
25.03017   -1.27833   0.21428354933328145   9
40.59914   1.67167   0.5676406619936865   9
38.375   1.67167   0.4449200120936473   9
48.01293   -2.55667   0.005422662727316759   9
54.68534   -2.45833   7.494323378064431e-12   9
19.84052   2.655   0.325804024826221   9
24.28879   2.75333   0.013075136385995174   9
22.80603   2.655   0.22345919470170253   9
32.44397   -2.85167   0.008784308137830436   9
36.89224   -2.75333   0.10752546098894823   9
19.84052   2.36   0.09227827238155559   9
36.15086   0.0   0.10870853615940541   9
29.47845   2.26167   0.09186328170898446   9
47.27155   -1.96667   0.06548244965502215   9
53.94397   -1.77   0.010615323199914711   9
50.23707   -1.86833   0.014669949919118139   9
50.23707   -2.45833   0.0009712918901419473   9
13.1681   2.75333   0.13369260338447828   9
56.1681   -2.36   0.0012063172102561627   9
44.30603   -2.55667   0.017781786161542985   9
34.6681   -2.75333   0.01772428928697556   9
40.59914   -2.16333   0.16274532236631906   9
44.30603   -2.065   0.2959607319113867   9
32.44397   -2.45833   0.26998180394638605   9
41.34052   1.57333   0.42685117445280835   9
25.03017   -1.57333   0.2606637213551202   9
16.13362   -0.98333   0.03533828015169891   9
38.375   1.57333   0.6773125699571507   9
13.1681   2.065   0.08853145777431826   9
36.15086   2.36   0.1864552643936439   9
56.90948   -2.36   0.00038770878633409306   9
37.63362   -1.37667   0.08287503157822493   9
32.44397   2.655   0.06741023301886505   9
25.77155   -0.59   0.4326564339235722   9
32.44397   2.26167   0.0011825668420113327   9
27.25431   1.77   0.14578355461948486   9
29.47845   0.98333   0.01549651622059472   9
27.99569   1.08167   0.011666400048011234   9
25.77155   0.39333   0.19704448460587232   9
32.44397   1.27833   9.387721382769978e-05   9
37.63362   1.37667   0.1895687899077045   9
39.85776   1.37667   0.15001425688519038   9
30.96121   -1.57333   0.3642305605614435   9
22.06466   -1.57333   0.2605461782158113   9
16.13362   1.96667   0.1643719611363261   9
34.6681   2.26167   0.030615218220271124   9
32.44397   2.16333   0.25118548939860574   9
33.92672   -1.57333   0.4646699980085287   9
32.44397   1.57333   0.17117325432903563   9
6.49569   2.85167   0.2634893443953098   9
5.01293   0.39333   0.03345392730890205   9
6.49569   0.49167   0.03822247426002822   9
35.40948   2.45833   0.4009346082766416   9
39.85776   1.57333   0.5240766080301927   9
19.09914   2.75333   0.23057263124467128   9
29.47845   -1.27833   0.00754410652816249   9
34.6681   -1.57333   0.5044553302524455   9
15.39224   0.59   0.16473999926369054   9
22.80603   -1.27833   0.3024635677698737   9
6.49569   0.19667   0.017775188050697957   9
32.44397   -1.57333   0.4666136887905766   9
15.39224   2.065   0.18846380735712528   9
10.20259   -1.475   0.0032766342048933476   9
32.44397   2.75333   0.00020520112832015552   9
32.44397   1.08167   0.0020018941293880863   9
38.375   -0.39333   0.507652890584171   9
39.85776   -0.39333   0.905767493225211   9
13.90948   -0.885   0.4347196820505017   9
17.61638   0.78667   0.20929404070000002   9
36.89224   -0.39333   0.6089169578544287   9
36.15086   2.55667   0.130090098680025   9
25.03017   -0.49167   0.14449911732093979   9
13.1681   -0.78667   0.6151547597239733   9
20.5819   2.655   0.31955583376354346   9
32.44397   2.36   0.230154197539209   9
17.61638   1.96667   0.33147578344229267   9
24.28879   1.67167   0.22311671097205066   9
28.73707   1.86833   0.11182176054499159   9
27.99569   0.49167   0.5827527809642171   9
32.44397   -0.59   0.8045608477114945   9
52.46121   -2.36   0.0   9
58.39224   -2.26167   0.0   9
