5.01293   -2.26406   0.17012186359315284   9
16.13362   -2.26406   0.28662904440433534   9
27.25431   -2.26406   0.0987012868755847   9
38.375   -2.26406   0.014298879625778131   9
49.49569   -2.26406   0.026131066966724542   9
5.01293   -0.7875   0.046110020724643874   9
16.13362   -0.7875   0.2660168335944098   9
27.25431   -0.7875   0.1954035931949797   9
38.375   -0.7875   0.21450707480327283   9
49.49569   -0.7875   0.021412791694907757   9
5.01293   0.68906   0.10492806464652826   9
16.13362   0.68906   0.2662168844548464   9
27.25431   0.68906   0.21624596621769518   9
38.375   0.68906   0.24408525219817073   9
49.49569   0.68906   0.026453650166073553   9
5.01293   2.16562   0.21542641662898285   9
16.13362   2.16562   0.07923647408798885   9
27.25431   2.16562   0.1973128969063318   9
38.375   2.16562   0.009864831609872738   9
49.49569   2.16562   0.012945779393375177   9
22.80603   2.26406   0.3048648081732436   9
25.03017   -2.06719   0.15603039745187686   9
21.32328   -1.67344   0.41629958970095865   9
33.92672   -1.575   0.3130513367004687   9
33.92672   -1.27969   0.21388903974682233   9
33.92672   -1.08281   0.1776779197744749   9
39.85776   -1.37813   0.3813977612689208   9
32.44397   -0.68906   0.1115494817921884   9
43.56466   -1.47656   0.047734350838348934   9
38.375   -1.47656   0.20141376573026204   9
42.0819   -1.08281   0.24604305924353947   9
38.375   -1.18125   0.15926393443330797   9
26.51293   -1.96875   0.06234998109871593   9
21.32328   -2.06719   0.22694969325321843   9
33.92672   1.96875   0.027126571741193515   9
8.71983   -2.46094   0.4581880508074106   9
7.23707   -2.55938   0.08559726362419898   9
38.375   0.98437   0.1311066526848123   9
39.85776   0.98437   0.17543457675022   9
39.85776   1.67344   0.16667035456850146   9
38.375   0.39375   0.4069159336498931   9
59.13362   1.87031   0.004111974412265474   9
9.46121   -2.46094   0.3967710789034455   9
20.5819   -2.06719   0.2434267914418369   9
27.99569   -1.96875   0.0666489667516286   9
26.51293   0.7875   0.16664996404790774   9
36.89224   1.67344   0.07833343822411896   9
39.85776   1.47656   0.1024776614925809   9
16.13362   -0.59063   0.3419316906418426   9
32.44397   1.67344   0.05647199128945403   9
33.92672   2.16562   0.013092434181613445   9
33.92672   -2.3625   0.017474553702352617   9
9.46121   2.3625   0.4380846145841766   9
56.90948   -1.37813   0.0009643083003068872   9
10.20259   2.3625   0.2368050139543429   9
19.84052   -2.06719   0.08572310102191283   9
16.13362   -0.39375   0.6320345914719557   9
10.94397   -2.46094   0.13053767000437397   9
38.375   1.87031   0.025918875492220404   9
39.85776   1.87031   0.012789407815482347   9
21.32328   2.3625   0.3916814868141858   9
21.32328   2.16562   0.2284927842786367   9
31.70259   -1.575   0.2228909339758914   9
30.96121   -1.37813   0.15089470939999716   9
30.96121   -1.18125   0.04867626918323199   9
27.99569   -1.08281   0.038068637208110295   9
25.03017   -0.68906   0.24456930334525953   9
25.77155   1.08281   0.3330168824805091   9
38.375   0.09844   0.060409486285417036   9
39.85776   0.09844   0.22916291326261512   9
20.5819   2.16562   0.11800558294732082   9
25.77155   1.18125   0.27779844282504895   9
10.20259   2.46094   0.28951083936478134   9
19.84052   -1.96875   0.08012434112028541   9
8.71983   -2.26406   0.2653592866541336   9
19.09914   -2.26406   0.3782270013641248   9
28.73707   -0.68906   0.2005977821698306   9
41.34052   0.19687   0.32338185873340813   9
40.59914   -1.37813   0.3161118777997419   9
36.15086   1.18125   0.10080918515444277   9
25.03017   -2.26406   0.36820820842023605   9
22.80603   -1.47656   0.3958879309355848   9
26.51293   -2.06719   0.033057556048592895   9
48.01293   1.77188   0.004305009892144692   9
41.34052   0.49219   0.3317634549306431   9
16.13362   -0.19687   0.45085291866615274   9
38.375   0.49219   0.7066542138057246   9
8.71983   -2.06719   0.01022765434773177   9
29.47845   0.49219   0.1541958055102617   9
22.80603   -1.27969   0.20787418306908623   9
33.92672   0.49219   0.3648241692596895   9
31.70259   1.27969   0.05737077009995767   9
33.92672   1.37813   0.3898886320866928   9
56.1681   1.18125   0.01710637042263022   9
16.13362   0.0   0.2654966433616923   9
21.32328   -1.47656   0.15507098243110626   9
34.6681   1.47656   0.30571678721173273   9
24.28879   1.27969   0.27316905628698396   9
7.23707   2.46094   0.07113497455420217   9
42.82328   0.09844   0.2359863648779349   9
23.54741   2.06719   0.15961292149849057   9
32.44397   1.47656   0.42531557117683005   9
34.6681   -1.67344   0.09784986023907105   9
38.375   0.59063   0.5593834419003142   9
14.65086   -0.68906   0.2683417159894491   9
17.61638   -0.68906   0.30179329744377037   9
39.85776   0.59063   0.8035940023296824   9
38.375   -1.37813   0.22875816461134985   9
38.375   -0.29531   0.08878077023246032   9
42.0819   1.67344   0.07682431559071037   9
22.80603   -1.96875   0.21637658146018135   9
42.82328   -0.49219   0.12896014279427265   9
53.94397   2.16562   0.008692485489374216   9
59.13362   2.16562   1.8120582697530664e-05   9
18.35776   -1.67344   0.5150191543625204   9
53.20259   -2.06719   0.0   9
53.94397   -2.26406   0.0   9
42.0819   -2.06719   0.0002929843561045138   9
43.56466   -0.98438   0.6245018583273704   9
20.5819   2.3625   0.0   9
16.875   -1.67344   0.26452282357751644   9
15.39224   0.0   0.15259432916021345   9
16.875   0.0   0.2175636527753401   9
22.80603   1.08281   0.41240691486796904   9
45.04741   -0.88594   0.22125041226515352   9
42.0819   0.7875   0.7522106091494897   9
7.23707   0.59063   0.16049680120815388   9
40.59914   -1.47656   0.19136220121625452   9
34.6681   -1.47656   0.2605225496984437   9
25.03017   -1.37813   0.0709532631148537   9
22.80603   -0.98438   0.4071880719877642   9
