5.01293   -0.39   0.013765623848578143   9
16.13362   -0.39   0.35492260034064693   9
27.25431   -0.39   0.06649536846933125   9
38.375   -0.39   0.4004405691637708   9
49.49569   -0.39   0.022174468893024598   9
5.01293   0.34125   0.009873056485385293   9
16.13362   0.34125   0.1450593431767302   9
27.25431   0.34125   0.3899330233834995   9
38.375   0.34125   0.8360303019281392   9
14.65086   -0.39   0.16075558128187067   9
22.80603   -0.8775   0.1466236318930982   9
24.28879   -0.78   0.2371683000379772   9
26.51293   -0.6825   0.20771934956338312   9
34.6681   -0.39   0.29300615698786425   9
36.15086   -0.34125   0.21929037020948258   9
32.44397   -0.4875   0.03614841647778767   9
38.375   -0.2925   0.15613557745286233   9
40.59914   -0.24375   0.17773920367096774   9
42.82328   -0.195   0.10032833936798477   9
40.59914   -0.39   0.4215171882136036   9
32.44397   -0.2925   0.22928411995999093   9
45.04741   -0.14625   0.03083487221107626   9
16.875   -0.34125   0.3797050546901368   9
16.13362   0.4875   0.14186598122505403   9
13.90948   0.24375   0.20422186284312627   9
27.99569   -0.63375   0.22354234654937974   9
33.92672   0.92625   0.004034274166606346   9
29.47845   -0.585   0.07904215193122817   9
39.85776   0.92625   0.06498437571781844   9
31.70259   -0.4875   0.026597945808925914   9
36.89224   -0.34125   0.25814084202486404   9
42.0819   -0.195   0.14254315215008118   9
46.53017   -0.0975   0.014038196683985309   9
27.25431   -0.585   0.09330166510021881   9
24.28879   -0.73125   0.3713682783192029   9
17.61638   -0.2925   0.5566675813110875   9
28.73707   -0.53625   0.0881806199593637   9
36.15086   -0.2925   0.14542848032102884   9
31.70259   -0.43875   0.078276619208452   9
30.21983   -0.4875   0.051200270006489565   9
39.85776   -0.195   0.12719291311957936   9
42.0819   -0.14625   0.12783486760077492   9
34.6681   -0.34125   0.3406821888549219   9
38.375   -0.24375   0.1172673174785639   9
44.30603   -0.0975   0.12095110528136085   9
26.51293   -0.73125   0.3820005424575237   9
27.99569   -0.6825   0.08975385619814195   9
29.47845   -0.63375   0.08657089387717218   9
32.44397   -0.53625   0.09499591798058574   9
30.96121   -0.585   0.22851477475989607   9
36.15086   -0.43875   0.21772753132741562   9
34.6681   -0.4875   0.10423761856519395   9
40.59914   -0.34125   0.2813580942169906   9
42.82328   -0.2925   0.05070569037043694   9
48.01293   -0.195   0.005875148236005668   9
45.78879   -0.24375   0.007900145268065924   9
22.80603   -0.92625   0.13468011021092363   9
32.44397   -0.39   0.22673621942352445   9
19.09914   -0.34125   0.2787074051247889   9
16.875   -0.24375   0.37213865750089353   9
36.15086   0.39   0.4125665102024205   9
41.34052   -0.4875   0.29730954360649126   9
10.94397   0.14625   0.7116587332745399   9
32.44397   0.34125   0.36601239621662746   9
39.85776   0.4875   0.3871174548913657   9
38.375   -0.53625   0.1650553360168444   9
28.73707   -0.4875   0.07654022834070967   9
49.49569   0.92625   0.004987295676187195   9
44.30603   0.2925   0.029788026280568394   9
42.0819   0.195   0.14770238594228427   9
31.70259   -0.34125   0.29985404821023964   9
16.13362   -0.195   0.5564029017460432   9
38.375   0.2925   0.4041652433001133   9
39.85776   0.34125   0.762184431760989   9
13.1681   0.63375   0.1683205593899778   9
45.78879   -0.14625   0.006729642104717586   9
43.56466   -0.195   0.06970744203024906   9
41.34052   -0.24375   0.1529757917114327   9
28.73707   -0.585   0.10918000591167644   9
35.40948   -0.39   0.2733830860813308   9
30.21983   -0.53625   0.05407781881896386   9
17.61638   0.195   0.5481116091475082   9
39.85776   0.39   0.7375769388732851   9
38.375   0.39   0.6622065540632176   9
16.13362   -0.2925   0.29305327259814334   9
19.09914   -0.24375   0.43360487864969016   9
13.1681   0.34125   0.022243210370013082   9
12.42672   0.585   0.08859021953499593   9
14.65086   0.63375   0.17152430330611387   9
13.1681   0.6825   0.1865105052507931   9
26.51293   0.39   0.09226249831946298   9
18.35776   -0.39   0.29015317580688726   9
43.56466   -0.585   0.27492309073459054   9
33.92672   0.6825   0.2470370848718303   9
38.375   0.73125   0.3101521962960518   9
42.0819   0.78   0.19587275501557244   9
42.0819   0.0975   0.13989641595401653   9
14.65086   0.73125   0.4979970502990554   9
42.0819   0.43875   0.9204688278812618   9
42.82328   0.63375   0.3029372389245575   9
10.94397   0.53625   0.020386580620594934   9
37.63362   0.78   0.11535641884444646   9
35.40948   0.2925   0.5050714019708148   9
19.84052   -0.43875   0.2644229325234767   9
9.46121   0.0975   0.2854737925615625   9
12.42672   0.0975   0.12205767898935313   9
13.1681   -0.24375   0.515632254015956   9
56.90948   -0.78   0.0   9
19.09914   0.2925   0.1471451401072824   9
31.70259   0.43875   0.035280358919237975   9
27.99569   0.195   0.14413139635171635   9
43.56466   -0.43875   0.3707880455974066   9
10.20259   0.04875   0.17420456578030852   9
15.39224   0.78   0.5319523761010617   9
33.92672   -0.43875   0.09439734582590682   9
10.94397   -0.24375   0.21472467965767764   9
25.03017   0.4875   0.1258447359481501   9
44.30603   -0.6825   0.0   9
7.23707   0.53625   0.1663199395680496   9
36.89224   0.82875   0.16442220464896384   9
41.34052   0.34125   0.6896900318365055   9
44.30603   0.43875   1.0   9
