5.01293   -2.26167   0.00650696342926424   10
16.13362   -2.26167   0.1766346508658947   10
27.25431   -2.26167   0.03452271478211633   10
38.375   -2.26167   0.08711103968548986   10
49.49569   -2.26167   0.016000459161113905   10
5.01293   -0.78667   0.15276261531337718   10
16.13362   -0.78667   0.3841601912218462   10
27.25431   -0.78667   0.0007294799721147616   10
38.375   -0.78667   0.022313297955622268   10
5.01293   0.68833   0.029217078813654342   10
16.13362   0.68833   0.3815989859812914   10
27.25431   0.68833   0.2504814089669398   10
38.375   0.68833   0.03225686582166143   10
5.01293   2.16333   0.02845520976870438   10
16.13362   2.16333   0.17528303882162727   10
27.25431   2.16333   0.0062042508593492165   10
38.375   2.16333   0.04902031520518066   10
49.49569   2.16333   0.022889473754818427   10
29.47845   -2.85167   0.0020195215601663333   10
21.32328   2.85167   0.03398059259596625   10
33.92672   -2.75333   0.08748345650190391   10
37.63362   -2.655   0.06916495695920706   10
42.0819   -2.55667   0.03667739880841871   10
47.27155   -2.45833   0.007998170071679366   10
53.20259   -2.36   0.008611870253115616   10
56.90948   -2.26167   -4.1144208078325747e-08   10
59.13362   -2.26167   0.01832098998330172   10
32.44397   -2.75333   0.0076367201356798645   10
33.92672   2.85167   0.0013424671828023579   10
33.92672   -1.18   0.006876086538782496   10
59.13362   2.26167   0.00803894692723835   10
39.85776   2.85167   0.00994041501235211   10
39.85776   -1.08167   0.012517282560040446   10
27.25431   -2.85167   5.610474379644775e-05   10
35.40948   -2.55667   0.3036081233515463   10
41.34052   2.85167   0.010494743944928116   10
56.1681   -2.065   0.0067792880322212114   10
42.0819   -2.36   0.20751758553629043   10
46.53017   -2.26167   0.0642595310386696   10
50.97845   -2.16333   0.008700450962562965   10
32.44397   2.85167   0.051186436180703454   10
36.15086   -1.37667   0.10725689892486767   10
29.47845   -2.75333   0.01963090957737311   10
31.70259   -2.655   0.12091105897771344   10
38.375   -2.45833   0.2117090866386567   10
29.47845   -1.475   0.4434280552050647   10
38.375   2.85167   0.014083403364019741   10
9.46121   2.85167   0.02962438927440414   10
10.20259   -1.86833   0.163363209153283   10
30.96121   2.85167   1.3273118573140684e-05   10
10.20259   -1.77   0.09336216590438409   10
43.56466   2.75333   0.009781901420125255   10
45.04741   -2.55667   0.0070564289966284326   10
50.97845   -2.45833   0.001394879638182452   10
57.65086   -2.36   0.0018517991972635886   10
26.51293   -1.475   0.3166556375518891   10
38.375   2.55667   0.2093496014428774   10
33.92672   2.45833   0.2807496690823471   10
14.65086   1.96667   0.16389499166363042   10
39.85776   1.86833   0.1503406892024976   10
30.96121   -2.85167   2.486036627260962e-05   10
33.92672   -0.295   0.044449277220181715   10
39.85776   -2.655   0.03196080484456961   10
16.13362   -0.68833   0.25550267664929627   10
15.39224   1.86833   0.10415356440868652   10
36.89224   2.55667   0.3166787055847655   10
39.85776   2.55667   0.10066664611304599   10
31.70259   2.55667   0.1851806494776947   10
10.20259   -2.065   0.2843655183613468   10
25.03017   -1.27833   0.26226869823205834   10
40.59914   1.67167   0.44241931085493186   10
38.375   1.67167   0.3539346320608301   10
48.01293   -2.55667   0.02830117125179296   10
54.68534   -2.45833   0.0053792266498662675   10
19.84052   2.655   0.3713581322300363   10
24.28879   2.75333   0.0037971035195571634   10
22.80603   2.655   0.19958848625295947   10
32.44397   -2.85167   0.01703511515222904   10
36.89224   -2.75333   0.0626377786021693   10
19.84052   2.36   0.08025647468434258   10
36.15086   0.0   0.09600707250085826   10
29.47845   2.26167   0.0630956760366258   10
47.27155   -1.96667   0.07305079459303065   10
53.94397   -1.77   0.00011019012575519044   10
50.23707   -1.86833   0.019447845517945893   10
50.23707   -2.45833   0.0033914547161561703   10
13.1681   2.75333   0.1310107798093048   10
56.1681   -2.36   0.009866895716525177   10
44.30603   -2.55667   0.015471896414633427   10
34.6681   -2.75333   0.02274959392572546   10
40.59914   -2.16333   0.13330720126562456   10
44.30603   -2.065   0.21238709597760408   10
32.44397   -2.45833   0.23105419294665436   10
41.34052   1.57333   0.3134843697220435   10
25.03017   -1.57333   0.2678313142107359   10
16.13362   -0.98333   0.030297338004669837   10
38.375   1.57333   0.5557784170084671   10
13.1681   2.065   0.1082268611075679   10
36.15086   2.36   0.24679156062060553   10
56.90948   -2.36   0.013835293140320268   10
37.63362   -1.37667   0.06309487405844869   10
32.44397   2.655   0.05197044720384547   10
25.77155   -0.59   0.836085333556423   10
32.44397   2.26167   0.11548924705896971   10
27.25431   1.77   0.005825583657740127   10
29.47845   0.98333   2.9636195854443307e-06   10
27.99569   1.08167   0.031369587153817165   10
25.77155   0.39333   0.20687260433113613   10
32.44397   1.27833   0.015082952390129876   10
37.63362   1.37667   0.19439607321700197   10
39.85776   1.37667   0.13687762740141166   10
30.96121   -1.57333   0.3663916873217056   10
22.06466   -1.57333   0.26600595809094746   10
16.13362   1.96667   0.17525003955080373   10
34.6681   2.26167   0.16111316842521511   10
32.44397   2.16333   0.11754327103446353   10
33.92672   -1.57333   0.4072442566088618   10
32.44397   1.57333   0.17358041437557942   10
6.49569   2.85167   0.25597296712231676   10
5.01293   0.39333   6.850462731735183e-06   10
6.49569   0.49167   2.1483325998568264e-06   10
35.40948   2.45833   0.2867304970721314   10
39.85776   1.57333   0.5308351386865129   10
19.09914   2.75333   0.19679581572255034   10
29.47845   -1.27833   0.004750502994577524   10
34.6681   -1.57333   0.42598564718885734   10
15.39224   0.59   0.17798324532219195   10
22.80603   -1.27833   0.2851340233744023   10
6.49569   0.19667   0.02189263861477008   10
32.44397   -1.57333   0.4383744526800053   10
15.39224   2.065   0.15643237383685202   10
10.20259   -1.475   0.0006695765460786085   10
32.44397   2.75333   0.01075742931708888   10
32.44397   1.08167   0.02495149472750654   10
38.375   -0.39333   0.6042101928473459   10
39.85776   -0.39333   0.6206106574158845   10
13.90948   -0.885   0.13892184754630227   10
17.61638   0.78667   0.15787970434299842   10
36.89224   -0.39333   0.37490293095558735   10
36.15086   2.55667   0.2076751893056334   10
25.03017   -0.49167   0.1347454939784276   10
13.1681   -0.78667   0.7148875151612558   10
20.5819   2.655   0.26916118884653867   10
32.44397   2.36   0.1285357805696884   10
17.61638   1.96667   0.26620714405505685   10
24.28879   1.67167   0.24611792052686732   10
28.73707   1.86833   0.14216350495827526   10
27.99569   0.49167   0.3663636050411326   10
32.44397   -0.59   0.470909769148569   10
52.46121   -2.36   0.0   10
58.39224   -2.26167   0.0   10
31.70259   -0.68833   0.22290555154461486   10
33.92672   -0.59   0.6668828329671241   10
28.73707   0.49167   0.6163394294189274   10
15.39224   0.885   0.09447192238127752   10
19.09914   1.96667   0.46417195953009843   10
22.80603   -0.295   0.18652637408459938   10
18.35776   -0.59   0.15597530566687684   10
21.32328   -1.37667   0.8275851709917886   10
15.39224   -0.78667   0.611156227390839   10
21.32328   2.55667   0.41390513129381623   10
32.44397   2.45833   0.3639433957766591   10
33.92672   0.49167   0.6668812002911388   10
32.44397   1.86833   0.04469449421385072   10
53.20259   2.85167   0.0   10
