5.01293   -2.26406   0.12992497191741956   10
16.13362   -2.26406   0.34115690782204244   10
27.25431   -2.26406   0.1295235729688427   10
38.375   -2.26406   0.011192476343278518   10
49.49569   -2.26406   5.988766770356783e-05   10
5.01293   -0.7875   0.04373929222956949   10
16.13362   -0.7875   0.4184438053130887   10
27.25431   -0.7875   0.007296096654597116   10
38.375   -0.7875   0.21773640648613435   10
49.49569   -0.7875   0.00403064359698096   10
5.01293   0.68906   0.08534113609604393   10
16.13362   0.68906   0.3146771344777509   10
27.25431   0.68906   0.17846391539580525   10
38.375   0.68906   0.44812016977302477   10
49.49569   0.68906   0.03978393197711042   10
5.01293   2.16562   0.24629800581352382   10
16.13362   2.16562   0.06122017368880651   10
27.25431   2.16562   0.000177256397759414   10
38.375   2.16562   0.0046333300690300115   10
49.49569   2.16562   0.010377493963745002   10
22.80603   2.26406   0.22648058914883418   10
25.03017   -2.06719   0.004078163249550896   10
21.32328   -1.67344   0.4749759651564862   10
33.92672   -1.575   0.37891693840879115   10
33.92672   -1.27969   0.1409568161275868   10
33.92672   -1.08281   0.1393185186863064   10
39.85776   -1.37813   0.3752148439820022   10
32.44397   -0.68906   0.08436947048017288   10
43.56466   -1.47656   0.036870762517442125   10
38.375   -1.47656   0.22768262436146772   10
42.0819   -1.08281   0.2815260331097028   10
38.375   -1.18125   0.19361480588538865   10
26.51293   -1.96875   0.08782371703726709   10
21.32328   -2.06719   0.09386651158558784   10
33.92672   1.96875   0.002804235260465796   10
8.71983   -2.46094   0.040034764460239396   10
7.23707   -2.55938   0.013631651565907475   10
38.375   0.98437   0.15987165068362086   10
39.85776   0.98437   0.20357257732890344   10
39.85776   1.67344   0.1271903098390363   10
38.375   0.39375   0.23338489115171068   10
59.13362   1.87031   6.768847373415258e-07   10
9.46121   -2.46094   0.08381765143623394   10
20.5819   -2.06719   0.1342225274345286   10
27.99569   -1.96875   0.06782766845280923   10
26.51293   0.7875   0.019337295542316092   10
36.89224   1.67344   0.10623152576954116   10
39.85776   1.47656   0.2609741405641789   10
16.13362   -0.59063   0.39233132821323147   10
32.44397   1.67344   0.03982544035728851   10
33.92672   2.16562   0.004159488651147189   10
33.92672   -2.3625   0.018773292511813897   10
9.46121   2.3625   0.23990076491915174   10
56.90948   -1.37813   0.013071923859371396   10
10.20259   2.3625   0.17105345410693323   10
19.84052   -2.06719   0.07988643771040156   10
16.13362   -0.39375   0.7478252985429219   10
10.94397   -2.46094   0.11992392722384428   10
38.375   1.87031   0.025820832992479188   10
39.85776   1.87031   0.02213896518945177   10
21.32328   2.3625   0.33155516850804057   10
21.32328   2.16562   0.06269975672193624   10
31.70259   -1.575   0.2543358383269194   10
30.96121   -1.37813   0.1649907269815985   10
30.96121   -1.18125   0.06607612327859311   10
27.99569   -1.08281   0.09158694911521381   10
25.03017   -0.68906   0.28484600756961515   10
25.77155   1.08281   0.4570527123189188   10
38.375   0.09844   0.11624464744859528   10
39.85776   0.09844   0.2517656105720528   10
20.5819   2.16562   0.1359693629038108   10
25.77155   1.18125   0.017825025562907645   10
10.20259   2.46094   0.10460168654164315   10
19.84052   -1.96875   0.0598998619526674   10
8.71983   -2.26406   0.2735749662392964   10
19.09914   -2.26406   0.31699456618483735   10
28.73707   -0.68906   0.3257480902437005   10
41.34052   0.19687   0.3468911786024739   10
40.59914   -1.37813   0.35914823472066626   10
36.15086   1.18125   0.13733625714484565   10
25.03017   -2.26406   0.1554063856670043   10
22.80603   -1.47656   0.3234301884956376   10
26.51293   -2.06719   0.057822261562926955   10
48.01293   1.77188   0.004170702740790696   10
41.34052   0.49219   0.37271884091769814   10
16.13362   -0.19687   0.49554747583968317   10
38.375   0.49219   1.0882538683397163   10
8.71983   -2.06719   0.007163734403976626   10
29.47845   0.49219   0.29302967127044927   10
22.80603   -1.27969   0.24470261995698922   10
33.92672   0.49219   0.39373818731866417   10
31.70259   1.27969   0.08042896065273271   10
33.92672   1.37813   0.4208641612293769   10
56.1681   1.18125   2.869472025382119e-06   10
16.13362   0.0   0.21345124290869621   10
21.32328   -1.47656   0.15302387510766055   10
34.6681   1.47656   0.2816613931257732   10
24.28879   1.27969   0.28387670434767065   10
7.23707   2.46094   0.0028799847980166917   10
42.82328   0.09844   0.20369842208218597   10
23.54741   2.06719   0.014645384051511386   10
32.44397   1.47656   0.42165865825890725   10
34.6681   -1.67344   0.07896454960294785   10
38.375   0.59063   0.39557878226347626   10
14.65086   -0.68906   0.4045650856337192   10
17.61638   -0.68906   0.3509030232427711   10
39.85776   0.59063   0.9568865502883528   10
38.375   -1.37813   0.37065721522418826   10
38.375   -0.29531   0.1092976932742962   10
42.0819   1.67344   0.07674160569612622   10
22.80603   -1.96875   0.33079562876694235   10
42.82328   -0.49219   0.15757323835619957   10
53.94397   2.16562   0.00047753086839276014   10
59.13362   2.16562   8.985265094006199e-10   10
18.35776   -1.67344   0.5590321621372378   10
53.20259   -2.06719   0.005392347515799362   10
53.94397   -2.26406   1.20821803052521e-08   10
42.0819   -2.06719   0.0054569910608984005   10
43.56466   -0.98438   0.40051316981332113   10
20.5819   2.3625   0.08784118679620463   10
16.875   -1.67344   0.2736400371440676   10
15.39224   0.0   0.13924575654325314   10
16.875   0.0   0.2286664117479787   10
22.80603   1.08281   0.2200798819850192   10
45.04741   -0.88594   0.29459185742136856   10
42.0819   0.7875   0.83479778562972   10
7.23707   0.59063   0.14828070738021104   10
40.59914   -1.47656   0.34294902446577474   10
34.6681   -1.47656   0.29028423524287383   10
25.03017   -1.37813   0.13655614216880568   10
22.80603   -0.98438   0.4071880719877642   10
21.32328   1.08281   0.21102932241931657   10
18.35776   -0.39375   0.5944261751244511   10
22.06466   -0.88594   0.2566371314445964   10
42.82328   0.7875   0.8373319356499903   10
9.46121   2.26406   0.43029083257309386   10
33.92672   1.47656   0.3417396528679189   10
26.51293   1.37813   0.21473507985889442   10
44.30603   -1.08281   0.5059188739326913   10
39.85776   0.29531   0.3417772630222749   10
18.35776   -1.575   0.3708766251926315   10
38.375   0.29531   0.15569716689457777   10
42.82328   -0.88594   0.8373301033604191   10
36.15086   0.39375   0.3168806909467537   10
35.40948   -0.7875   0.13554448895515134   10
22.80603   -1.575   0.516809520962357   10
