5.01293   -0.39   3.589110614893666e-05   10
16.13362   -0.39   0.2758337100749306   10
27.25431   -0.39   0.06542874784983019   10
38.375   -0.39   0.398903197748839   10
49.49569   -0.39   0.023516074198758147   10
5.01293   0.34125   8.780094646648408e-05   10
16.13362   0.34125   0.14288865424076322   10
27.25431   0.34125   0.2978069949921087   10
38.375   0.34125   0.45913814778572676   10
14.65086   -0.39   0.16363003111990415   10
22.80603   -0.8775   0.018543688052838174   10
24.28879   -0.78   0.26056795590939263   10
26.51293   -0.6825   0.16529581626710832   10
34.6681   -0.39   0.2234050290472957   10
36.15086   -0.34125   0.45182494816403873   10
32.44397   -0.4875   0.7183910183401501   10
38.375   -0.2925   0.1864916902616623   10
40.59914   -0.24375   0.13474101421590615   10
42.82328   -0.195   0.09828671356021343   10
40.59914   -0.39   0.39104663838538556   10
32.44397   -0.2925   0.1874551988021007   10
45.04741   -0.14625   0.039690868823292404   10
16.875   -0.34125   0.32746670614687595   10
16.13362   0.4875   0.13867663921867387   10
13.90948   0.24375   0.19150821557930672   10
27.99569   -0.63375   0.13410391326343568   10
33.92672   0.92625   0.0029306915549247355   10
29.47845   -0.585   0.6353770513851171   10
39.85776   0.92625   0.05730119308503673   10
31.70259   -0.4875   0.009192485795494455   10
36.89224   -0.34125   0.24636267417169727   10
42.0819   -0.195   0.13404214403297812   10
46.53017   -0.0975   0.026656218657374706   10
27.25431   -0.585   0.08790180073601063   10
24.28879   -0.73125   0.33692387829657267   10
17.61638   -0.2925   0.5743501560246926   10
28.73707   -0.53625   0.07657697529720942   10
36.15086   -0.2925   0.12214247059814472   10
31.70259   -0.43875   0.06785262193115142   10
30.21983   -0.4875   0.05234329794093612   10
39.85776   -0.195   0.11650745332902576   10
42.0819   -0.14625   0.09700100932819712   10
34.6681   -0.34125   0.36884266483597855   10
38.375   -0.24375   0.11298897176535952   10
44.30603   -0.0975   0.11091726584213021   10
26.51293   -0.73125   0.39733530064861255   10
27.99569   -0.6825   0.09495791676882967   10
29.47845   -0.63375   0.08849207861556815   10
32.44397   -0.53625   0.07229710372598364   10
30.96121   -0.585   0.1347099884256413   10
36.15086   -0.43875   0.1796873576205361   10
34.6681   -0.4875   0.08952553691389126   10
40.59914   -0.34125   0.22427975545832568   10
42.82328   -0.2925   0.08049304560526663   10
48.01293   -0.195   0.003061112988079453   10
45.78879   -0.24375   0.002085482840929015   10
22.80603   -0.92625   0.023634966940189468   10
32.44397   -0.39   0.17623878324429992   10
19.09914   -0.34125   0.229905961827617   10
16.875   -0.24375   0.3259490876988076   10
36.15086   0.39   0.43533874039031745   10
41.34052   -0.4875   0.29296192047538616   10
10.94397   0.14625   0.8860071180888733   10
32.44397   0.34125   0.3659863461790559   10
39.85776   0.4875   0.38842561560960515   10
38.375   -0.53625   0.15577870781682981   10
28.73707   -0.4875   0.06842925891675784   10
49.49569   0.92625   0.017411119263998125   10
44.30603   0.2925   0.07775543830643063   10
42.0819   0.195   0.14948237229760725   10
31.70259   -0.34125   0.27214351550332083   10
16.13362   -0.195   0.5300882429418975   10
38.375   0.2925   0.2780294635483095   10
39.85776   0.34125   0.8689972320150177   10
13.1681   0.63375   0.17582075251817947   10
45.78879   -0.14625   0.015489305038977729   10
43.56466   -0.195   0.05696698464816826   10
41.34052   -0.24375   0.1304100864611287   10
28.73707   -0.585   0.10539235402490053   10
35.40948   -0.39   0.26690353251304194   10
30.21983   -0.53625   0.07801350930164462   10
17.61638   0.195   0.7344512373834344   10
39.85776   0.39   0.7315988383309125   10
38.375   0.39   0.5645558451462894   10
16.13362   -0.2925   0.2826466063703567   10
19.09914   -0.24375   0.3736042433721809   10
13.1681   0.34125   0.040921180261306145   10
12.42672   0.585   0.10726780782604448   10
14.65086   0.63375   0.17168921434846338   10
13.1681   0.6825   0.19322046645597346   10
26.51293   0.39   0.1026650214013396   10
18.35776   -0.39   0.26586627188176537   10
43.56466   -0.585   0.23205408175236766   10
33.92672   0.6825   0.2318691726729728   10
38.375   0.73125   0.23161745497197503   10
42.0819   0.78   0.1810495119289485   10
42.0819   0.0975   0.09269639149354994   10
14.65086   0.73125   0.5773321241554685   10
42.0819   0.43875   0.8047167960857402   10
42.82328   0.63375   0.29122374041368326   10
10.94397   0.53625   0.044920396989389606   10
37.63362   0.78   0.13705707914848053   10
35.40948   0.2925   0.42994607703257814   10
19.84052   -0.43875   0.1749377300327494   10
9.46121   0.0975   0.24911697070869987   10
12.42672   0.0975   0.14400148037179605   10
13.1681   -0.24375   0.505569373884223   10
56.90948   -0.78   0.0006104605165107456   10
19.09914   0.2925   0.13861005447952596   10
31.70259   0.43875   0.06440375522643972   10
27.99569   0.195   0.12283550929535014   10
43.56466   -0.43875   0.30863953580999476   10
10.20259   0.04875   0.1284858758523621   10
15.39224   0.78   0.5156095875135467   10
33.92672   -0.43875   0.09737608424483968   10
10.94397   -0.24375   0.19102387815632577   10
25.03017   0.4875   0.11950156917401727   10
44.30603   -0.6825   0.02626978375758575   10
7.23707   0.53625   0.03180605960505405   10
36.89224   0.82875   0.11428369562364724   10
41.34052   0.34125   0.3458336639854876   10
44.30603   0.43875   0.7072245060825584   10
44.30603   0.4875   0.9418985158708535   10
7.23707   0.04875   0.40292730810239674   10
16.13362   0.8775   0.27761839798474625   10
5.75431   0.585   0.0   10
25.77155   0.2925   0.37738078290082877   10
12.42672   0.0   0.1771905448200498   10
10.94397   -0.0975   0.12273619393974791   10
20.5819   0.53625   0.2982777801191582   10
38.375   0.6825   0.43110285322830083   10
33.92672   -0.39   0.14773295564470498   10
18.35776   -0.14625   0.1980512487982911   10
35.40948   -0.34125   0.12776702770752715   10
36.15086   0.24375   0.1280620416402155   10
45.78879   -0.53625   0.33829846096087374   10
39.85776   0.6825   0.4931068838686005   10
37.63362   -0.2925   0.10909486915794706   10
