5.01293   -2.26167   0.0009938256162594636   1
16.13362   -2.26167   0.3466044153049048   1
27.25431   -2.26167   0.12142110423496168   1
38.375   -2.26167   0.160124567516244   1
49.49569   -2.26167   0.0012887221395519494   1
5.01293   -0.78667   0.16302234209170557   1
16.13362   -0.78667   1.1565645037926717   1
27.25431   -0.78667   0.041712446908402145   1
38.375   -0.78667   0.07423503173953683   1
5.01293   0.68833   0.0001970475534685641   1
16.13362   0.68833   0.5665735399666343   1
27.25431   0.68833   0.9410773080687931   1
38.375   0.68833   0.06957021640261524   1
5.01293   2.16333   0.11182831070931919   1
16.13362   2.16333   0.26402780224349914   1
27.25431   2.16333   0.056886895365787254   1
38.375   2.16333   0.1379384931104543   1
49.49569   2.16333   0.0   1
29.47845   -2.85167   0.4205097794943813   1
21.32328   2.85167   0.5624972793217439   1
33.92672   -2.75333   0.8204640808408133   1
37.63362   -2.655   0.617761881343988   1
42.0819   -2.55667   0.0   1
47.27155   -2.45833   0.0   1
53.20259   -2.36   0.0   1
56.90948   -2.26167   0.0   1
59.13362   -2.26167   0.0   1
32.44397   -2.75333   0.14920559691375   1
33.92672   2.85167   0.2693874439889925   1
33.92672   -1.18   0.05431664341816139   1
59.13362   2.26167   0.0   1
39.85776   2.85167   0.27118986601763156   1
39.85776   -1.08167   0.05064842613242715   1
