5.01293   -2.26406   0.23702097328030564   1
16.13362   -2.26406   0.4771241335953392   1
27.25431   -2.26406   0.14569615378486564   1
38.375   -2.26406   0.0495519819185927   1
49.49569   -2.26406   2.3555641382310622e-05   1
5.01293   -0.7875   0.029466755655814664   1
16.13362   -0.7875   0.4403734086890887   1
27.25431   -0.7875   0.37276369807228427   1
38.375   -0.7875   0.32092987720088095   1
49.49569   -0.7875   0.0008570451075037148   1
5.01293   0.68906   0.02410702881382401   1
16.13362   0.68906   0.48380509299596375   1
27.25431   0.68906   0.3490109527980366   1
38.375   0.68906   0.37996601279416314   1
49.49569   0.68906   0.0   1
5.01293   2.16562   0.3453994056755671   1
16.13362   2.16562   0.5790999280219924   1
27.25431   2.16562   0.6711389146641459   1
38.375   2.16562   0.14029532663273006   1
49.49569   2.16562   0.12018403172235567   1
22.80603   2.26406   1.0   1
25.03017   -2.06719   0.41142369030378184   1
21.32328   -1.67344   0.7474410228392866   1
33.92672   -1.575   0.6402281182520617   1
33.92672   -1.27969   0.4578050610078655   1
33.92672   -1.08281   0.43760767794322125   1
39.85776   -1.37813   0.7990462191311185   1
32.44397   -0.68906   0.06564190146239655   1
