5.01293   -0.39   4.878460321244178e-06   1
16.13362   -0.39   0.5024736085510757   1
27.25431   -0.39   0.08509307123818283   1
38.375   -0.39   0.3168568552374543   1
49.49569   -0.39   0.025201083038732253   1
5.01293   0.34125   0.00016494693241850297   1
16.13362   0.34125   0.18153075447000472   1
27.25431   0.34125   0.2649579119969332   1
38.375   0.34125   1.0   1
14.65086   -0.39   0.3236341398724098   1
22.80603   -0.8775   0.5060071644637444   1
24.28879   -0.78   0.40732760240662413   1
26.51293   -0.6825   0.30942467380321137   1
34.6681   -0.39   0.32360648925169366   1
36.15086   -0.34125   0.23248588207627707   1
32.44397   -0.4875   0.0   1
38.375   -0.2925   0.13417679806885915   1
40.59914   -0.24375   0.3629522487202863   1
42.82328   -0.195   0.15415194204000374   1
40.59914   -0.39   0.5873150227164614   1
32.44397   -0.2925   0.18057774763949605   1
45.04741   -0.14625   0.02440478683250596   1
