5.01293   -2.26167   0.044302548634337524   8
16.13362   -2.26167   0.2894484540542741   8
27.25431   -2.26167   0.18382913072191057   8
38.375   -2.26167   0.10275199781182402   8
49.49569   -2.26167   0.0019465011524875517   8
5.01293   -0.78667   0.14720505209657606   8
16.13362   -0.78667   0.6376123445488029   8
27.25431   -0.78667   0.1826247899092482   8
38.375   -0.78667   0.04546645415256602   8
5.01293   0.68833   0.31849426203207043   8
16.13362   0.68833   0.6775574852607251   8
27.25431   0.68833   0.29875046505561687   8
38.375   0.68833   0.0598038547377002   8
5.01293   2.16333   0.04093367354228344   8
16.13362   2.16333   0.2276845301140185   8
27.25431   2.16333   0.16900711753523648   8
38.375   2.16333   0.08331032282040765   8
49.49569   2.16333   0.011444091333399554   8
29.47845   -2.85167   0.10049861693086924   8
21.32328   2.85167   0.20976711179825464   8
33.92672   -2.75333   0.15586641038095475   8
37.63362   -2.655   0.14189248760399656   8
42.0819   -2.55667   0.037700284778882875   8
47.27155   -2.45833   0.011394686217110574   8
53.20259   -2.36   0.007899032281879801   8
56.90948   -2.26167   0.018760730469538613   8
59.13362   -2.26167   0.08669035239786116   8
32.44397   -2.75333   0.08907547348694342   8
33.92672   2.85167   0.011657386576207324   8
33.92672   -1.18   0.031573737829783774   8
59.13362   2.26167   0.00382784552313853   8
39.85776   2.85167   0.108415323772245   8
39.85776   -1.08167   0.053509661240204925   8
27.25431   -2.85167   0.11931422793377174   8
35.40948   -2.55667   0.6542407633307866   8
41.34052   2.85167   0.1016337913265882   8
56.1681   -2.065   0.000641321691026407   8
42.0819   -2.36   0.2674364355661021   8
46.53017   -2.26167   0.07314383030817323   8
50.97845   -2.16333   0.005934559265105423   8
32.44397   2.85167   0.04851283636143306   8
36.15086   -1.37667   0.06625183337082369   8
29.47845   -2.75333   0.09214914312882637   8
31.70259   -2.655   0.1667096275655241   8
38.375   -2.45833   0.3618159025602967   8
29.47845   -1.475   0.4558421897655895   8
38.375   2.85167   0.08950455417281544   8
9.46121   2.85167   0.10316211143252027   8
10.20259   -1.86833   0.4971195745766857   8
30.96121   2.85167   0.055693861157135344   8
10.20259   -1.77   0.13433641525328566   8
43.56466   2.75333   0.014711715625272629   8
45.04741   -2.55667   0.026629866153832504   8
50.97845   -2.45833   0.007311259475553745   8
57.65086   -2.36   -0.00191070988430872   8
26.51293   -1.475   0.597894248680364   8
38.375   2.55667   0.3956420614482141   8
33.92672   2.45833   0.42312916005450607   8
14.65086   1.96667   0.22286732900913295   8
39.85776   1.86833   0.22395978587146365   8
30.96121   -2.85167   0.0608635580026543   8
33.92672   -0.295   0.08751524406439304   8
39.85776   -2.655   0.0977274725167547   8
16.13362   -0.68833   0.31516653397560485   8
15.39224   1.86833   0.09112856543226894   8
36.89224   2.55667   0.514725317630022   8
39.85776   2.55667   0.11515244997338275   8
31.70259   2.55667   0.2469128576991734   8
10.20259   -2.065   0.4991989516427744   8
25.03017   -1.27833   0.3145829955339611   8
40.59914   1.67167   0.6968079432499403   8
38.375   1.67167   0.39237843694077856   8
48.01293   -2.55667   0.011752214506799624   8
54.68534   -2.45833   0.0005709189183640254   8
19.84052   2.655   0.47448580893702463   8
24.28879   2.75333   0.0108118375445642   8
22.80603   2.655   0.3692455832321801   8
32.44397   -2.85167   0.039814925570513   8
36.89224   -2.75333   0.10565399606948375   8
19.84052   2.36   0.10619121886483554   8
36.15086   0.0   0.08597027223040112   8
29.47845   2.26167   0.20306705267119693   8
47.27155   -1.96667   0.0692088230790605   8
53.94397   -1.77   0.0141803485184194   8
50.23707   -1.86833   0.009812579248329449   8
50.23707   -2.45833   0.012253692748925092   8
13.1681   2.75333   0.16858772208096573   8
56.1681   -2.36   0.026043016477532547   8
44.30603   -2.55667   0.021291397338816825   8
34.6681   -2.75333   0.1337546997498073   8
40.59914   -2.16333   0.2352263619787022   8
44.30603   -2.065   0.35551570365504365   8
32.44397   -2.45833   0.24874359243193345   8
41.34052   1.57333   0.44237831101023906   8
25.03017   -1.57333   0.37491827203567485   8
16.13362   -0.98333   0.08272795764525451   8
38.375   1.57333   0.7557156450708093   8
13.1681   2.065   0.13046252714922174   8
36.15086   2.36   0.31471515865814026   8
56.90948   -2.36   0.018887782117779056   8
37.63362   -1.37667   0.10054271477131865   8
32.44397   2.655   0.06861059461058391   8
25.77155   -0.59   0.5411793053559403   8
32.44397   2.26167   0.28845911723469914   8
27.25431   1.77   0.2559116007849466   8
29.47845   0.98333   0.02533047702752081   8
27.99569   1.08167   0.09675447743285334   8
25.77155   0.39333   0.2535045506625489   8
32.44397   1.27833   0.057827105991226084   8
37.63362   1.37667   0.20295919062919662   8
39.85776   1.37667   0.18055770351459072   8
30.96121   -1.57333   0.5092222960508634   8
22.06466   -1.57333   0.3288551552978435   8
16.13362   1.96667   0.3239767037573006   8
34.6681   2.26167   0.3235683634373402   8
32.44397   2.16333   0.2625238107269008   8
33.92672   -1.57333   0.6308313860301976   8
32.44397   1.57333   0.20701462604611925   8
6.49569   2.85167   0.287112689644374   8
5.01293   0.39333   1.0694712086612055e-05   8
6.49569   0.49167   3.4894204460350636e-06   8
35.40948   2.45833   0.6026305022405212   8
39.85776   1.57333   0.7790754286509166   8
19.09914   2.75333   0.3343606130633018   8
29.47845   -1.27833   0.04826746410915592   8
34.6681   -1.57333   0.8810467107510951   8
15.39224   0.59   0.18210998554428684   8
22.80603   -1.27833   0.34127118628386727   8
6.49569   0.19667   0.0   8
32.44397   -1.57333   0.5471408523722401   8
15.39224   2.065   0.21247982692763795   8
10.20259   -1.475   0.0   8
32.44397   2.75333   0.20798104267259915   8
32.44397   1.08167   0.044927738305114706   8
38.375   -0.39333   1.0   8
39.85776   -0.39333   0.905767493225211   8
13.90948   -0.885   0.4347196820505017   8
