5.01293   -2.26406   0.14377404187791049   8
16.13362   -2.26406   0.24473284194028327   8
27.25431   -2.26406   0.058740437424514735   8
38.375   -2.26406   0.05282538337475881   8
49.49569   -2.26406   0.03279263839443196   8
5.01293   -0.7875   0.022832827876889544   8
16.13362   -0.7875   0.28300635506442684   8
27.25431   -0.7875   0.14589859077461975   8
38.375   -0.7875   0.27551715023809564   8
49.49569   -0.7875   0.003956119360903864   8
5.01293   0.68906   0.3382234703722191   8
16.13362   0.68906   0.2933660762947076   8
27.25431   0.68906   0.1422123424958223   8
38.375   0.68906   0.268339838030857   8
49.49569   0.68906   0.03305379526100935   8
5.01293   2.16562   0.22603444201543077   8
16.13362   2.16562   0.18124320720131787   8
27.25431   2.16562   0.1618022095939015   8
38.375   2.16562   0.0531075404131611   8
49.49569   2.16562   0.000999589784147265   8
22.80603   2.26406   0.34279866165369255   8
25.03017   -2.06719   0.10729540756928194   8
21.32328   -1.67344   0.4076108064652799   8
33.92672   -1.575   0.3077092193154629   8
33.92672   -1.27969   0.24136072461677183   8
33.92672   -1.08281   0.0356003409182759   8
39.85776   -1.37813   0.339635220801279   8
32.44397   -0.68906   0.17477998031452996   8
43.56466   -1.47656   0.062360319318039585   8
38.375   -1.47656   0.20813026342125263   8
42.0819   -1.08281   0.1907330976622585   8
38.375   -1.18125   0.20234629809806637   8
26.51293   -1.96875   0.1714922612898719   8
21.32328   -2.06719   0.37236012936578966   8
33.92672   1.96875   0.0009358300701093578   8
8.71983   -2.46094   0.12826157297075658   8
7.23707   -2.55938   0.028877631784690293   8
38.375   0.98437   0.1622330861493344   8
39.85776   0.98437   0.2822119509689317   8
39.85776   1.67344   0.14992868430151285   8
38.375   0.39375   0.2831305950231036   8
59.13362   1.87031   2.706453798465255e-09   8
9.46121   -2.46094   0.5250595428350574   8
20.5819   -2.06719   0.42653317839669996   8
27.99569   -1.96875   0.0683503722674098   8
26.51293   0.7875   0.1351935805014854   8
36.89224   1.67344   0.16034552709218264   8
39.85776   1.47656   0.10685521397432787   8
16.13362   -0.59063   0.4358421941264695   8
32.44397   1.67344   0.049101871056407634   8
33.92672   2.16562   0.02958284241225801   8
33.92672   -2.3625   0.007809352944071953   8
9.46121   2.3625   0.3611841693364244   8
56.90948   -1.37813   0.009158862388750437   8
10.20259   2.3625   0.23225214351031234   8
19.84052   -2.06719   0.16456542772368163   8
16.13362   -0.39375   0.5999667966182467   8
10.94397   -2.46094   0.06794539365147662   8
38.375   1.87031   0.04921051086992724   8
39.85776   1.87031   0.014777627461257895   8
21.32328   2.3625   0.6121830849526618   8
21.32328   2.16562   0.4955415894052341   8
31.70259   -1.575   0.2165603620530051   8
30.96121   -1.37813   0.144417792677548   8
30.96121   -1.18125   0.06466235292348231   8
27.99569   -1.08281   0.062085888311804796   8
25.03017   -0.68906   0.2639253755957539   8
25.77155   1.08281   0.281525327477242   8
38.375   0.09844   0.08657872284597123   8
39.85776   0.09844   0.20330302234276876   8
20.5819   2.16562   0.3281901105902474   8
25.77155   1.18125   0.21444752496977731   8
10.20259   2.46094   0.5015922769604322   8
19.84052   -1.96875   0.13195128613329196   8
8.71983   -2.26406   0.22302726642035056   8
19.09914   -2.26406   0.48147226911939356   8
28.73707   -0.68906   0.0983979909237144   8
41.34052   0.19687   0.3320265880987605   8
40.59914   -1.37813   0.28096133302154647   8
36.15086   1.18125   0.11476466242490187   8
25.03017   -2.26406   0.18932631483123238   8
22.80603   -1.47656   0.3110075092369381   8
26.51293   -2.06719   0.07635487236752943   8
48.01293   1.77188   0.0016581558902244178   8
41.34052   0.49219   0.4354037663866386   8
16.13362   -0.19687   0.4468803829923289   8
38.375   0.49219   0.6540299881334067   8
8.71983   -2.06719   0.008796056509547238   8
29.47845   0.49219   0.15423974357298828   8
22.80603   -1.27969   0.21832193065702774   8
33.92672   0.49219   0.4492755815571733   8
31.70259   1.27969   0.07393226231455152   8
33.92672   1.37813   0.3179828119388193   8
56.1681   1.18125   0.03430199553848923   8
16.13362   0.0   0.32621277828580364   8
21.32328   -1.47656   0.16887892693651618   8
34.6681   1.47656   0.27350364151548423   8
24.28879   1.27969   0.2635829648212098   8
7.23707   2.46094   0.007224945803356616   8
42.82328   0.09844   0.19074059635049823   8
23.54741   2.06719   0.15262396774755155   8
32.44397   1.47656   0.35906039758058517   8
34.6681   -1.67344   0.08093378780259577   8
38.375   0.59063   0.4215330670405823   8
14.65086   -0.68906   0.26490210751875204   8
17.61638   -0.68906   0.2908759694258376   8
39.85776   0.59063   0.8581023844837862   8
38.375   -1.37813   0.15493580235960322   8
38.375   -0.29531   0.12026579771137388   8
42.0819   1.67344   0.1831979046322209   8
22.80603   -1.96875   0.5811365788646362   8
42.82328   -0.49219   0.12409740451360426   8
53.94397   2.16562   0.0   8
59.13362   2.16562   0.0   8
18.35776   -1.67344   0.6653289345525453   8
53.20259   -2.06719   0.0   8
53.94397   -2.26406   0.0   8
42.0819   -2.06719   0.0002929843561045138   8
43.56466   -0.98438   0.6245018583273704   8
