5.01293   -0.39   3.093348423551264e-08   8
16.13362   -0.39   0.32494950052397154   8
27.25431   -0.39   0.06555239676560837   8
38.375   -0.39   0.39728547846760925   8
49.49569   -0.39   0.03071700532858266   8
5.01293   0.34125   1.167372449149692e-06   8
16.13362   0.34125   0.13815215111123258   8
27.25431   0.34125   0.18361539087095066   8
38.375   0.34125   0.7800117704981204   8
14.65086   -0.39   0.12284321042465261   8
22.80603   -0.8775   0.061696144305177794   8
24.28879   -0.78   0.19202363096351308   8
26.51293   -0.6825   0.2240082993768591   8
34.6681   -0.39   0.2844560939487934   8
36.15086   -0.34125   0.22452979969145387   8
32.44397   -0.4875   0.06626739242679995   8
38.375   -0.2925   0.13199150243282654   8
40.59914   -0.24375   0.20483961610015375   8
42.82328   -0.195   0.09131512141990336   8
40.59914   -0.39   0.41918081361809356   8
32.44397   -0.2925   0.2502139122511978   8
45.04741   -0.14625   0.015433276407681032   8
16.875   -0.34125   0.3996528977141641   8
16.13362   0.4875   0.130701462708902   8
13.90948   0.24375   0.199034402868476   8
27.99569   -0.63375   0.0677652751607898   8
33.92672   0.92625   0.00013611979881174294   8
29.47845   -0.585   0.10645799106188833   8
39.85776   0.92625   0.08533966574350169   8
31.70259   -0.4875   0.09182809855684758   8
36.89224   -0.34125   0.2745021693372908   8
42.0819   -0.195   0.13399945281522413   8
46.53017   -0.0975   0.010476388338878732   8
27.25431   -0.585   0.0814661190495885   8
24.28879   -0.73125   0.43209749348437276   8
17.61638   -0.2925   0.44805953695067174   8
28.73707   -0.53625   0.06266366430582207   8
36.15086   -0.2925   0.13466889676598903   8
31.70259   -0.43875   0.08287587462046359   8
30.21983   -0.4875   0.0659762292651323   8
39.85776   -0.195   0.14524667830251042   8
42.0819   -0.14625   0.14247775224468015   8
34.6681   -0.34125   0.3307980757833635   8
38.375   -0.24375   0.10417838093700654   8
44.30603   -0.0975   0.11879346138783628   8
26.51293   -0.73125   0.38541646843206456   8
27.99569   -0.6825   0.09024359683467117   8
29.47845   -0.63375   0.12180278393684714   8
32.44397   -0.53625   0.04408370933218728   8
30.96121   -0.585   0.13276563562326552   8
36.15086   -0.43875   0.21268200848205937   8
34.6681   -0.4875   0.11337061498182154   8
40.59914   -0.34125   0.26707835090325366   8
42.82328   -0.2925   0.06036115104773088   8
48.01293   -0.195   0.000729844169955016   8
45.78879   -0.24375   0.003615162650012156   8
22.80603   -0.92625   0.04863956490814618   8
32.44397   -0.39   0.25274142215543566   8
19.09914   -0.34125   0.2945585986178707   8
16.875   -0.24375   0.5093646115430399   8
36.15086   0.39   0.36806384873676423   8
41.34052   -0.4875   0.3234724655540914   8
10.94397   0.14625   0.6363533949498482   8
32.44397   0.34125   0.3790518758849457   8
39.85776   0.4875   0.36890924102484346   8
38.375   -0.53625   0.12318851269280268   8
28.73707   -0.4875   0.06229936687495544   8
49.49569   0.92625   0.0068836000703652155   8
44.30603   0.2925   0.0364664544758062   8
42.0819   0.195   0.15581702575632764   8
31.70259   -0.34125   0.2203902465644529   8
16.13362   -0.195   0.5122861616712436   8
38.375   0.2925   0.36590610856348227   8
39.85776   0.34125   0.8537717787560744   8
13.1681   0.63375   0.17951878485665987   8
45.78879   -0.14625   0.004302475511204113   8
43.56466   -0.195   0.06750630153112105   8
41.34052   -0.24375   0.15004965273266932   8
28.73707   -0.585   0.10792584777226227   8
35.40948   -0.39   0.25721420578426607   8
30.21983   -0.53625   0.0688902747510711   8
17.61638   0.195   0.5378514800424617   8
39.85776   0.39   0.6565356705219765   8
38.375   0.39   0.8015865479698888   8
16.13362   -0.2925   0.25180422809921676   8
19.09914   -0.24375   0.4238368084056161   8
13.1681   0.34125   0.015797627652562866   8
12.42672   0.585   0.05105281985132779   8
14.65086   0.63375   0.14853433789976295   8
13.1681   0.6825   0.13695590193737078   8
26.51293   0.39   0.11002031260169506   8
18.35776   -0.39   0.2564285246913907   8
43.56466   -0.585   0.3112076910425748   8
33.92672   0.6825   0.23914639847923164   8
38.375   0.73125   0.2633210627429222   8
42.0819   0.78   0.1776691816332676   8
42.0819   0.0975   0.2034034413126138   8
14.65086   0.73125   0.5813978426258541   8
42.0819   0.43875   0.9628114879965943   8
42.82328   0.63375   0.2594589564014708   8
10.94397   0.53625   0.06953058015424032   8
37.63362   0.78   0.2273532383417899   8
35.40948   0.2925   0.47830785313490987   8
19.84052   -0.43875   0.3306664473632683   8
9.46121   0.0975   0.42668240491055326   8
12.42672   0.0975   0.38396719387019357   8
13.1681   -0.24375   0.5369068960322211   8
56.90948   -0.78   0.0   8
19.09914   0.2925   0.15321625019753432   8
31.70259   0.43875   0.03673600293755981   8
27.99569   0.195   0.15007816138979382   8
43.56466   -0.43875   0.38608651242634795   8
